             0.1596401E-11
            -0.1613449E-11
             0.4009977E-11
            -0.4052800E-11
             0.1007261E-10
            -0.1018017E-10
             0.2530124E-10
            -0.2557144E-10
             0.6355385E-10
            -0.6423255E-10
             0.1596401E-09
            -0.1613449E-09
             0.4009977E-09
            -0.4052800E-09
             0.1007261E-08
            -0.1018017E-08
             0.2530124E-08
            -0.2557144E-08
             0.6355385E-08
            -0.6423255E-08
             0.1596401E-07
            -0.1613449E-07
             0.4009977E-07
            -0.4052800E-07
             0.1007261E-06
            -0.1018017E-06
             0.2530124E-06
            -0.2557144E-06
             0.6355385E-06
            -0.6423255E-06
             0.1596400E-05
            -0.1613449E-05
             0.4009976E-05
            -0.4052801E-05
             0.1007260E-04
            -0.1018018E-04
             0.2530122E-04
            -0.2557149E-04
             0.6355371E-04
            -0.6423291E-04
             0.1596391E-03
            -0.1613472E-03
             0.4009919E-03
            -0.4052944E-03
             0.1007224E-02
            -0.1018108E-02
             0.2529896E-02
            -0.2557717E-02
             0.6353948E-02
            -0.6426874E-02
             0.1595496E-01
            -0.1615736E-01
             0.4004303E-01
            -0.4067294E-01
             0.1003736E+00
            -0.1027278E+00
             0.2508909E+00
            -0.2619067E+00
             0.6255082E+00
            -0.7066040E+00
             0.1866842E+01
            -0.2444016E+02
             0.1843317E+07
            -0.8569653E+12
             0.4865741E+18
            -0.2949943E+24
            -0.2112316E+00
             0.1324918E+00
            -0.8339817E-01
             0.5257044E-01
            -0.3315701E-01
             0.2091746E-01
            -0.1319722E-01
             0.8326681E-02
            -0.5253730E-02
             0.3314867E-02
            -0.2091536E-02
             0.1319670E-02
            -0.8326549E-03
             0.5253697E-03
            -0.3314858E-03
             0.2091534E-03
            -0.1319669E-03
             0.8326548E-04
            -0.5253697E-04
             0.3314858E-04
            -0.2091534E-04
             0.1319669E-04
            -0.8326548E-05
             0.5253697E-05
            -0.3314858E-05
             0.2091534E-05
            -0.1319669E-05
             0.8326548E-06
            -0.5253697E-06
             0.3314858E-06
            -0.2091534E-06
             0.1319669E-06
            -0.8326548E-07
             0.5253697E-07
            -0.3314858E-07
             0.2091534E-07
            -0.1319669E-07
             0.8326547E-08
            -0.5253697E-08
             0.3314858E-08
            -0.2091534E-08
             0.1319669E-08
            -0.8326548E-09
             0.5253696E-09
            -0.3314858E-09
             0.2091534E-09
            -0.1319669E-09
             0.8326548E-10
            -0.5253696E-10
             0.3314858E-10
            -0.2091534E-10
             0.1319669E-10
            -0.8326548E-11
