             0.3649377E-06
             0.4594221E-06
             0.5783896E-06
             0.7281313E-06
             0.9166916E-06
             0.1154001E-05
             0.1452873E-05
             0.1828945E-05
             0.2302686E-05
             0.2898623E-05
             0.3649604E-05
             0.4593860E-05
             0.5784468E-05
             0.7280406E-05
             0.9168353E-05
             0.1153773E-04
             0.1453234E-04
             0.1828373E-04
             0.2303593E-04
             0.2897186E-04
             0.3651882E-04
             0.4590250E-04
             0.5790190E-04
             0.7271337E-04
             0.9182726E-04
             0.1151495E-03
             0.1456844E-03
             0.1822651E-03
             0.2312661E-03
             0.2882812E-03
             0.3674659E-03
             0.4554144E-03
             0.5847398E-03
             0.7180636E-03
             0.9326413E-03
             0.1128709E-02
             0.1492932E-02
             0.1765404E-02
             0.2403287E-02
             0.2738975E-02
             0.3902219E-02
             0.4192673E-02
             0.6418671E-02
             0.6271997E-02
             0.1076006E-01
             0.9002047E-02
             0.1852519E-01
             0.1190372E-01
             0.3304435E-01
             0.1290350E-01
             0.6157539E-01
             0.5369373E-02
             0.1205205E+00
            -0.2981757E-01
             0.2480157E+00
            -0.1458303E+00
             0.5363243E+00
            -0.4968046E+00
             0.1250963E+01
            -0.1708419E+01
             0.4348244E+01
            -0.5624704E+02
             0.3705391E+07
            -0.1664668E+13
             0.9423032E+18
            -0.5711656E+24
            -0.4090490E+00
             0.2565351E+00
            -0.1614726E+00
             0.1017847E+00
            -0.6419728E-01
             0.4049958E-01
            -0.2555196E-01
             0.1612181E-01
            -0.1017207E-01
             0.6418120E-02
            -0.4049554E-02
             0.2555094E-02
            -0.1612155E-02
             0.1017201E-02
            -0.6418104E-03
             0.4049550E-03
            -0.2555093E-03
             0.1612155E-03
            -0.1017201E-03
             0.6418104E-04
            -0.4049550E-04
             0.2555093E-04
            -0.1612155E-04
             0.1017201E-04
            -0.6418104E-05
             0.4049550E-05
            -0.2555093E-05
             0.1612155E-05
            -0.1017201E-05
             0.6418104E-06
            -0.4049550E-06
             0.2555093E-06
            -0.1612155E-06
             0.1017201E-06
            -0.6418104E-07
             0.4049550E-07
            -0.2555093E-07
             0.1612155E-07
            -0.1017201E-07
             0.6418104E-08
            -0.4049550E-08
             0.2555093E-08
            -0.1612155E-08
             0.1017201E-08
            -0.6418104E-09
             0.4049550E-09
            -0.2555093E-09
             0.1612155E-09
            -0.1017201E-09
             0.6418104E-10
            -0.4049550E-10
             0.2555093E-10
            -0.1612155E-10
