1	0.00E+00
2	0.00E+00
3	0.00E+00
4	0.00E+00
5	0.00E+00
6	0.00E+00
7	0.00E+00
8	0.00E+00
9	0.00E+00
10	0.00E+00
11	0.00E+00
12	0.00E+00
13	0.00E+00
14	0.00E+00
15	0.00E+00
16	0.00E+00
17	0.00E+00
18	0.00E+00
19	0.00E+00
20	0.00E+00
21	0.00E+00
22	0.00E+00
23	0.00E+00
24	0.00E+00
25	0.00E+00
26	0.00E+00
27	0.00E+00
28	0.00E+00
29	0.00E+00
30	0.00E+00
31	0.00E+00
32	0.00E+00
33	0.00E+00
34	0.00E+00
35	0.00E+00
36	0.00E+00
37	0.00E+00
38	0.00E+00
39	0.00E+00
40	0.00E+00
41	0.00E+00
42	0.00E+00
43	0.00E+00
44	0.00E+00
45	0.00E+00
46	0.00E+00
47	0.00E+00
48	0.00E+00
49	0.00E+00
50	0.00E+00
51	0.00E+00
52	0.00E+00
53	0.00E+00
54	0.00E+00
55	0.00E+00
56	0.00E+00
57	0.00E+00
58	0.00E+00
59	0.00E+00
60	0.00E+00
61	0.00E+00
62	0.00E+00
63	0.00E+00
64	0.00E+00
65	0.00E+00
66	0.00E+00
67	0.00E+00
68	0.00E+00
69	0.00E+00
70	0.00E+00
71	0.00E+00
72	0.00E+00
73	0.00E+00
74	0.00E+00
75	0.00E+00
76	0.00E+00
77	0.00E+00
78	0.00E+00
79	0.00E+00
80	0.00E+00
81	0.00E+00
82	0.00E+00
83	0.00E+00
84	0.00E+00
85	0.00E+00
86	0.00E+00
87	0.00E+00
88	0.00E+00
89	0.00E+00
90	0.00E+00
91	0.00E+00
92	0.00E+00
93	0.00E+00
94	0.00E+00
95	0.00E+00
96	0.00E+00
97	0.00E+00
98	0.00E+00
99	0.00E+00
100	0.00E+00
101	0.00E+00
202	5.48E-04
302	2.37E-05
403	1.10E-03
503	4.74E-05
604	1.64E-03
704	7.12E-05
805	2.19E-03
905	9.49E-05
1006	2.74E-03
1106	1.19E-04
1207	3.29E-03
1307	1.42E-04
1408	3.84E-03
1508	1.66E-04
1609	4.38E-03
1709	1.90E-04
1810	4.93E-03
1910	2.13E-04
2011	5.48E-03
2111	2.37E-04
2212	6.03E-03
2312	2.61E-04
2413	6.58E-03
2513	2.85E-04
2614	7.12E-03
2714	3.08E-04
2815	7.67E-03
2915	3.32E-04
3016	8.22E-03
3116	3.56E-04
3217	8.77E-03
3317	3.80E-04
3418	9.32E-03
3518	4.03E-04
3619	9.86E-03
3719	4.27E-04
3820	1.04E-02
3920	4.51E-04
4021	1.10E-02
4121	4.74E-04
4222	1.15E-02
4322	4.98E-04
4423	1.21E-02
4523	5.22E-04
4624	1.26E-02
4724	5.46E-04
4825	1.32E-02
4925	5.69E-04
5026	1.37E-02
5126	5.93E-04
5227	1.42E-02
5327	6.17E-04
5428	1.48E-02
5528	6.40E-04
5629	1.53E-02
5729	6.64E-04
5830	1.59E-02
5930	6.88E-04
6031	1.64E-02
6131	7.12E-04
6232	1.70E-02
6332	7.35E-04
6433	1.75E-02
6533	7.59E-04
6634	1.81E-02
6734	7.83E-04
6835	1.86E-02
6935	8.06E-04
7036	1.92E-02
7136	8.30E-04
7237	1.97E-02
7337	8.54E-04
7438	2.03E-02
7538	8.78E-04
7639	2.08E-02
7739	9.01E-04
7840	2.14E-02
7940	9.25E-04
8041	2.19E-02
8141	9.49E-04
8242	2.25E-02
8342	9.72E-04
8443	2.30E-02
8543	9.96E-04
8644	2.36E-02
8744	1.02E-03
8845	2.41E-02
8945	1.04E-03
9046	2.47E-02
9146	1.07E-03
9247	2.52E-02
9347	1.09E-03
9448	2.58E-02
9548	1.11E-03
9649	2.63E-02
9749	1.14E-03
9850	2.69E-02
9950	1.16E-03
10051	2.74E-02
10151	1.19E-03
10252	2.79E-02
10352	1.21E-03
10453	2.85E-02
10553	1.23E-03
10654	2.90E-02
10754	1.26E-03
10855	2.96E-02
10955	1.28E-03
11056	3.01E-02
11156	1.30E-03
11257	3.07E-02
11357	1.33E-03
11458	3.12E-02
11558	1.35E-03
11659	3.18E-02
11759	1.38E-03
11860	3.23E-02
11960	1.40E-03
12061	3.29E-02
12161	1.42E-03
12262	3.34E-02
12362	1.45E-03
12463	3.40E-02
12563	1.47E-03
12664	3.45E-02
12764	1.49E-03
12865	3.51E-02
12965	1.52E-03
13066	3.56E-02
13166	1.54E-03
13267	3.62E-02
13367	1.57E-03
13468	3.67E-02
13568	1.59E-03
13669	3.73E-02
13769	1.61E-03
13870	3.78E-02
13970	1.64E-03
14071	3.84E-02
14171	1.66E-03
14272	3.89E-02
14372	1.68E-03
14473	3.94E-02
14573	1.71E-03
14674	4.00E-02
14774	1.73E-03
14875	4.05E-02
14975	1.75E-03
15076	4.11E-02
15176	1.78E-03
15277	4.16E-02
15377	1.80E-03
15478	4.22E-02
15578	1.83E-03
15679	4.27E-02
15779	1.85E-03
15880	4.33E-02
15980	1.87E-03
16081	4.38E-02
16181	1.90E-03
16282	4.44E-02
16382	1.92E-03
16483	4.49E-02
16583	1.94E-03
16684	4.55E-02
16784	1.97E-03
16885	4.60E-02
16985	1.99E-03
17086	4.66E-02
17186	2.02E-03
17287	4.71E-02
17387	2.04E-03
17488	4.77E-02
17588	2.06E-03
17689	4.82E-02
17789	2.09E-03
17890	4.88E-02
17990	2.11E-03
18091	4.93E-02
18191	2.13E-03
18292	4.99E-02
18392	2.16E-03
18493	5.04E-02
18593	2.18E-03
18694	5.09E-02
18794	2.21E-03
18895	5.15E-02
18995	2.23E-03
19096	5.20E-02
19196	2.25E-03
19297	5.26E-02
19397	2.28E-03
19498	5.31E-02
19598	2.30E-03
19699	5.37E-02
19799	2.32E-03
19900	5.42E-02
20000	2.35E-03
20101	5.48E-02
20102	5.31E-02
20103	5.14E-02
20104	4.99E-02
20105	4.83E-02
20106	4.68E-02
20107	4.54E-02
20108	4.40E-02
20109	4.26E-02
20110	4.13E-02
20111	4.00E-02
20112	3.88E-02
20113	3.76E-02
20114	3.64E-02
20115	3.53E-02
20116	3.42E-02
20117	3.31E-02
20118	3.21E-02
20119	3.11E-02
20120	3.02E-02
20121	2.92E-02
20122	2.83E-02
20123	2.75E-02
20124	2.66E-02
20125	2.58E-02
20126	2.50E-02
20127	2.42E-02
20128	2.35E-02
20129	2.27E-02
20130	2.20E-02
20131	2.14E-02
20132	2.07E-02
20133	2.01E-02
20134	1.94E-02
20135	1.88E-02
20136	1.83E-02
20137	1.77E-02
20138	1.71E-02
20139	1.66E-02
20140	1.61E-02
20141	1.56E-02
20142	1.51E-02
20143	1.47E-02
20144	1.42E-02
20145	1.38E-02
20146	1.33E-02
20147	1.29E-02
20148	1.25E-02
20149	1.21E-02
20150	1.18E-02
20151	1.14E-02
20152	1.10E-02
20153	1.07E-02
20154	1.04E-02
20155	1.01E-02
20156	9.74E-03
20157	9.44E-03
20158	9.15E-03
20159	8.86E-03
20160	8.59E-03
20161	8.32E-03
20162	8.07E-03
20163	7.82E-03
20164	7.58E-03
20165	7.34E-03
20166	7.12E-03
20167	6.90E-03
20168	6.68E-03
20169	6.48E-03
20170	6.28E-03
20171	6.08E-03
20172	5.89E-03
20173	5.71E-03
20174	5.53E-03
20175	5.36E-03
20176	5.20E-03
20177	5.04E-03
20178	4.88E-03
20179	4.73E-03
20180	4.58E-03
20181	4.44E-03
20182	4.31E-03
20183	4.17E-03
20184	4.04E-03
20185	3.92E-03
20186	3.80E-03
20187	3.68E-03
20188	3.57E-03
20189	3.46E-03
20190	3.35E-03
20191	3.25E-03
20192	3.15E-03
20193	3.05E-03
20194	2.95E-03
20195	2.86E-03
20196	2.77E-03
20197	2.69E-03
20198	2.61E-03
20199	2.52E-03
20200	2.45E-03
20201	2.37E-03
