 0.0000000000000E+00
 0.0000000000000E+00
 0.0000000000000E+00
 0.0000000000000E+00
 0.0000000000000E+00
 0.0000000000000E+00
 0.0000000000000E+00
 0.0000000000000E+00
 0.0000000000000E+00
 0.0000000000000E+00
 0.0000000000000E+00
 0.0000000000000E+00
 0.0000000000000E+00
 0.0000000000000E+00
 0.0000000000000E+00
 0.0000000000000E+00
 0.0000000000000E+00
 0.0000000000000E+00
 0.0000000000000E+00
 0.0000000000000E+00
 0.0000000000000E+00
 0.0000000000000E+00
 0.0000000000000E+00
 0.0000000000000E+00
 0.0000000000000E+00
 0.0000000000000E+00
 0.0000000000000E+00
 0.0000000000000E+00
 0.0000000000000E+00
 0.0000000000000E+00
 0.0000000000000E+00
 0.0000000000000E+00
 0.0000000000000E+00
 0.0000000000000E+00
 0.0000000000000E+00
 0.0000000000000E+00
 0.0000000000000E+00
 0.0000000000000E+00
 0.0000000000000E+00
 0.0000000000000E+00
 0.0000000000000E+00
 0.0000000000000E+00
 0.0000000000000E+00
 0.0000000000000E+00
 0.0000000000000E+00
 0.0000000000000E+00
 0.0000000000000E+00
 0.0000000000000E+00
 0.0000000000000E+00
 0.0000000000000E+00
 0.0000000000000E+00
 0.0000000000000E+00
 0.0000000000000E+00
 0.0000000000000E+00
 0.0000000000000E+00
 0.0000000000000E+00
 0.0000000000000E+00
 0.0000000000000E+00
 0.0000000000000E+00
 0.0000000000000E+00
 0.0000000000000E+00
 0.0000000000000E+00
 0.0000000000000E+00
 0.0000000000000E+00
 0.0000000000000E+00
 0.0000000000000E+00
 0.0000000000000E+00
 0.0000000000000E+00
 0.0000000000000E+00
 0.0000000000000E+00
 0.0000000000000E+00
 0.0000000000000E+00
 0.0000000000000E+00
 0.0000000000000E+00
 0.0000000000000E+00
 0.0000000000000E+00
 0.0000000000000E+00
 0.0000000000000E+00
 0.0000000000000E+00
 0.0000000000000E+00
 0.0000000000000E+00
 0.0000000000000E+00
 0.0000000000000E+00
 0.0000000000000E+00
 0.0000000000000E+00
 0.0000000000000E+00
 0.0000000000000E+00
 0.0000000000000E+00
 0.0000000000000E+00
 0.0000000000000E+00
 0.0000000000000E+00
 0.0000000000000E+00
 0.0000000000000E+00
 0.0000000000000E+00
 0.0000000000000E+00
 0.0000000000000E+00
 0.0000000000000E+00
 0.0000000000000E+00
 0.0000000000000E+00
 0.0000000000000E+00
 0.0000000000000E+00
 5.4803333478048E-04
 2.3720419239862E-05
 1.0960665531456E-03
 4.7440833440942E-05
 1.6440993640572E-03
 7.1161230006286E-05
 2.1921317093074E-03
 9.4881606416505E-05
 2.7401633560658E-03
 1.1860195259403E-04
 3.2881943043321E-03
 1.4232226853887E-04
 3.8362243212759E-03
 1.6604254417346E-04
 4.3842527084053E-03
 1.8976274926511E-04
 4.9322801642120E-03
 2.1348291404650E-04
 5.4803062230349E-03
 2.3720301836252E-04
 6.0283304192126E-03
 2.6092304205803E-04
 6.5763532184064E-03
 2.8464300528817E-04
 7.1243736892939E-03
 3.0836286774267E-04
 7.6723918318748E-03
 3.3208262942154E-04
 8.2204081118107E-03
 3.5580231047991E-04
 8.7684215977788E-03
 3.7952187060753E-04
 9.3164332211018E-03
 4.0324135011463E-04
 9.8644401878119E-03
 4.2696062807048E-04
 1.0412446223199E-02
 4.5067986571608E-04
 1.0960447601974E-02
 4.7439890181041E-04
 1.1508447118104E-02
 4.9811785728424E-04
 1.2056441977620E-02
 5.2183661120681E-04
 1.2604434043169E-02
 5.4555524419862E-04
 1.3152422383428E-02
 5.6927371594943E-04
 1.3700405135751E-02
 5.9299194583872E-04
 1.4248386025429E-02
 6.1671009510750E-04
 1.4796360395849E-02
 6.4042796220453E-04
 1.5344331972301E-02
 6.6414570837079E-04
 1.5892298892140E-02
 6.8786325298580E-04
 1.6440261155367E-02
 7.1158059604954E-04
 1.6988215968013E-02
 7.3529761663127E-04
 1.7536168918014E-02
 7.5901455659249E-04
 1.8084114417434E-02
 7.8273117407169E-04
 1.8632056191564E-02
 8.0644763030989E-04
 1.9179992377758E-02
 8.3016384468657E-04
 1.9727921113372E-02
 8.5387973658124E-04
 2.0275844261050E-02
 8.7759538661439E-04
 2.0823763683438E-02
 9.0131087540653E-04
 2.1371673792601E-02
 9.2502596109616E-04
 2.1919578313828E-02
 9.4874080492427E-04
 2.2467479109764E-02
 9.7245548751137E-04
 2.3015368729830E-02
 9.9616968637544E-04
 2.3563252761960E-02
 1.0198836433780E-03
 2.4111131206155E-02
 1.0435973585191E-03
 2.4659002199769E-02
 1.0673107511781E-03
 2.5206863880157E-02
 1.0910237407346E-03
 2.5754719972610E-02
 1.1147364884296E-03
 2.6302568614483E-02
 1.1384489136426E-03
 2.6850407943130E-02
 1.1621609357530E-03
 2.7398239821196E-02
 1.1858726353815E-03
 2.7946062386036E-02
 1.2095839319074E-03
 2.8493879362941E-02
 1.2332949865718E-03
 2.9041685163975E-02
 1.2570055575132E-03
 2.9589481651783E-02
 1.2807157253520E-03
 3.0137270689011E-02
 1.3044255707089E-03
 3.0685052275658E-02
 1.3281350935837E-03
 3.1232820823789E-02
 1.3518440521150E-03
 3.1780581921339E-02
 1.3755526881643E-03
 3.2328333705664E-02
 1.3992609211110E-03
 3.2876078039408E-02
 1.4229688315758E-03
 3.3423807471991E-02
 1.4466760970765E-03
 3.3971529453993E-02
 1.4703830400952E-03
 3.4519243985415E-02
 1.4940896606318E-03
 3.5066943615675E-02
 1.5177956362045E-03
 3.5614635795355E-02
 1.5415012892951E-03
 3.6162313073874E-02
 1.5652062974217E-03
 3.6709982901812E-02
 1.5889109830662E-03
 3.7257645279169E-02
 1.6126153462288E-03
 3.7805292755365E-02
 1.6363190644273E-03
 3.8352929055691E-02
 1.6600222989028E-03
 3.8900550454855E-02
 1.6837248884142E-03
 3.9448164403439E-02
 1.7074271554437E-03
 3.9995763450861E-02
 1.7311287775091E-03
 4.0543351322412E-02
 1.7548299158514E-03
 4.1090931743383E-02
 1.7785307317118E-03
 4.1638497263193E-02
 1.8022309026081E-03
 4.2186047881842E-02
 1.8259304285404E-03
 4.2733587324619E-02
 1.8496294707497E-03
 4.3281111866236E-02
 1.8733278679949E-03
 4.3828625231981E-02
 1.8970257815171E-03
 4.4376123696566E-02
 1.9207230500753E-03
 4.4923614710569E-02
 1.9444199961514E-03
 4.5471087098122E-02
 1.9681161360225E-03
 4.6018544584513E-02
 1.9918116309296E-03
 4.6565990895033E-02
 2.0155066421136E-03
 4.7113422304392E-02
 2.0392010083337E-03
 4.7660838812590E-02
 2.0628947295896E-03
 4.8208240419626E-02
 2.0865878058816E-03
 4.8755634576082E-02
 2.1102805596915E-03
 4.9303006380796E-02
 2.1339723460554E-03
 4.9850367009640E-02
 2.1576636486962E-03
 5.0397712737322E-02
 2.1813543063730E-03
 5.0945039838552E-02
 2.2050441578448E-03
 5.1492352038622E-02
 2.2287333643525E-03
 5.2039649337530E-02
 2.2524219258962E-03
 5.2586939185858E-02
 2.2761101649579E-03
 5.3134202957153E-02
 2.2997972753325E-03
 5.3681455552578E-02
 2.3234839019841E-03
 5.4228689521551E-02
 2.3471697224307E-03
 5.4775908589363E-02
 5.3082668118994E-02
 5.1441769332484E-02
 4.9851594050743E-02
 4.8310574853164E-02
 4.6817191848820E-02
 4.5369971825217E-02
 4.3967489138202E-02
 4.2608360185126E-02
 4.1291244809521E-02
 4.0014844282014E-02
 3.8777900019731E-02
 3.7579191225333E-02
 3.6417538198775E-02
 3.5291794347219E-02
 3.4200849641404E-02
 3.3143628365445E-02
 3.2119087098907E-02
 3.1126218475012E-02
 3.0164039713311E-02
 2.9231605721365E-02
 2.8327993539304E-02
 2.7452315601247E-02
 2.6603705126696E-02
 2.5781327038076E-02
 2.4984371924761E-02
 2.4212050929207E-02
 2.3463605445258E-02
 2.2738294632109E-02
 2.2035406058982E-02
 2.1354243979096E-02
 2.0694139326416E-02
 2.0054438703369E-02
 1.9434513769105E-02
 1.8833749774942E-02
 1.8251558906184E-02
 1.7687364783252E-02
 1.7140611088834E-02
 1.6610756722397E-02
 1.6097283250439E-02
 1.5599682324855E-02
 1.5117461489670E-02
 1.4650148918182E-02
 1.4197281962422E-02
 1.3758414077987E-02
 1.3333110934670E-02
 1.2920956396617E-02
 1.2521542423317E-02
 1.2134473730543E-02
 1.1759371592757E-02
 1.1395864652002E-02
 1.1043594476318E-02
 1.0702212437830E-02
 1.0371384512894E-02
 1.0050783175829E-02
 9.7400923012686E-03
 9.4390044107275E-03
 9.1472249061806E-03
 8.8644649205966E-03
 8.5904446175888E-03
 8.3248958832849E-03
 8.0675558195946E-03
 7.8181706792221E-03
 7.5764936555464E-03
 7.3422882808243E-03
 7.1153226874631E-03
 6.8953730785743E-03
 6.6822225753024E-03
 6.4756594590564E-03
 6.2754831876659E-03
 6.0814947863882E-03
 5.8935029751269E-03
 5.7113223866557E-03
 5.5347733838401E-03
 5.3636818825075E-03
 5.1978779405230E-03
 5.0372005868333E-03
 4.8814901085270E-03
 4.7305929690260E-03
 4.5843603778909E-03
 4.4426481441086E-03
 4.3053165339135E-03
 4.1722291382680E-03
 4.0432567490363E-03
 3.9182711679671E-03
 3.7971491544239E-03
 3.6797712773981E-03
 3.5660217977448E-03
 3.4557885540601E-03
 3.3489620536300E-03
 3.2454385837560E-03
 3.1451152423526E-03
 3.0478931067094E-03
 2.9536763120254E-03
 2.8623719568822E-03
 2.7738900116403E-03
 2.6881425887625E-03
 2.6050464402101E-03
 2.5245189686070E-03
 2.4464807707392E-03
 2.3708548979132E-03
