     4995.5401857        68.4342033         3.4749566     36620.4000000     1
     5075.7420056        72.0280842         2.2337669     36621.4000000     1
     5620.1651165        77.8403058         4.2957920     36622.4000000     1
     5681.5877691        81.0025318         3.7707055     36623.4000000     1
     5299.4504693        77.6033325         1.9555188     36624.4000000     1
     5113.4534693        76.9227848        17.2043745     36625.4000000     1
     4899.2646962        80.1918986         4.2528984     36627.4000000     1
     4378.5467478        76.4222399        -2.2850994     36628.4000000     1
     5332.8235842        85.5820320         4.1742650     36629.4000000     1
     5416.8297994        88.1087786        -1.3895621     36630.4000000     1
     5000.4658303        86.4382224         7.8255685     36631.4000000     1
     5549.4020437       -88.4388749         7.5377151     36632.4000000     1
     4979.0225891        88.8248739         3.7404983     36633.4000000     1
     5445.5004982       -87.6138974        11.6329181     36634.4000000     1
     5269.2220910       -86.8416704         5.8305588     36635.4000000     1
     5162.6581192       -86.9220984         5.7635560     36636.4000000     1
     4660.6590199       -88.1922365         4.8783182     36637.4000000     1
     5613.3948270       -81.3780091         1.0295116     36638.4000000     1
     4528.4462990       -85.5398118         4.9275390     36639.4000000     1
     4902.5556414       -83.5304966         0.3293647     36640.4000000     1
     4786.4178722       -78.3514268         4.9332530     36643.4000000     1
     5182.2618282       -76.4522219         7.0975028     36644.4000000     1
     4680.6855275       -76.5072172         3.3017382     36645.4000000     1
     3806.4897153       -79.5833197         4.4009418     36646.4000000     1
     5398.0565036       -71.9066412         6.6481353     36647.4000000     1
     4415.5655870       -74.2074764         5.8116887     36648.4000000     1
     4780.6094202       -70.4541954         5.6341369     36650.4000000     1
     4942.9282138       -69.0823107         4.4689120     36651.4000000     1
     5351.0566623       -67.0671264         9.5712412     36653.4000000     1
     5081.9092887       -64.6711728         7.3655914     36654.4000000     1
     4725.9941423       -64.4450853         6.1463353     36655.4000000     1
     5729.1374086       -62.3288259         8.8924395     36656.4000000     1
     4877.8338868       -61.6727022        -0.6819893     36657.4000000     1
     5342.1090966       -60.1159832         9.0781842     36658.4000000     1
     5903.9392245       -59.0922490         8.2645945     36659.4000000     1
     5209.0418651       -57.3489913        10.5227103     36660.4000000     1
     4729.9633693       -56.2455329        10.7314121     36661.4000000     1
     5473.6605736       -55.5864490        -5.5175001     36662.4000000     1
     4643.1115566       -52.2209917         6.1774045     36663.4000000     1
     5903.7285005       -53.8161812         7.8874692     36664.4000000     1
     5728.3988705       -52.5852113         7.9870227     36665.4000000     1
     5648.9571263       -51.6947117         4.1384581     36666.4000000     1
     5569.5062035       -48.9177169        -0.3959724     36667.4000000     1
     6130.0901878       -50.0634640         0.5972589     36668.4000000     1
     5789.0775639       -48.1358264         5.8072293     36669.4000000     1
     5890.6678560       -46.7483717        -3.6377276     36670.4000000     1
     5988.3214712       -44.6953524        -0.8754117     36672.4000000     1
     7041.2150228       -45.8852892         7.4904453     36673.4000000     1
     5688.7671135       -42.4880346         3.7718136     36674.4000000     1
     6267.4100263       -42.8108337        10.0406273     36675.4000000     1
     6619.9612634       -42.7316646         4.4333442     36676.4000000     1
     6136.0761579       -40.4878097        -2.0745935     36677.4000000     1
     6665.2695990       -39.4341177         6.0559004     36679.4000000     1
     6515.7793653       -37.9417151         3.8620545     36680.4000000     1
     6921.3965664       -38.0395667         3.3307897     36682.4000000     1
     6863.8553061       -36.4930147        -0.6110785     36683.4000000     1
     6979.5122086       -35.5692611         5.0865325     36684.4000000     1
     7182.5485051       -35.6489384        -1.7274500     36685.4000000     1
     7436.6371228       -36.6504155         2.7962390     36686.4000000     1
     7942.7082771       -35.7171750         6.0365830     36687.4000000     1
     7431.0269164       -33.5105193         1.9749112     36688.4000000     1
     7044.1704368       -31.2911871         0.9296364     36689.4000000     1
     7726.2220529       -32.3939243         3.0054323     36690.4000000     1
     7724.3377989       -32.3782446        -0.8964169     36691.4000000     1
     7747.9473395       -31.0836850         6.3578583     36692.4000000     1
     7925.5946300       -31.5570077         6.2742302     36693.4000000     1
     7374.9529471       -27.8440154         3.6607046     36694.4000000     1
     7758.7029199       -28.7717892         2.1128519     36695.4000000     1
     7980.9687710       -28.6688376         2.9264664     36696.4000000     1
     8205.6782756       -28.8293291         7.4110971     36697.4000000     1
     7945.4160520       -27.6830981         4.0714815     36698.4000000     1
     8491.5950856       -28.5054774        -3.1121051     36699.4000000     1
     8608.8893914       -27.1849506         5.9297220     36700.4000000     1
     8646.1398493       -27.6123973        -0.3817451     36701.4000000     1
     9099.7617200       -27.8438011         1.9605503     36702.4000000     1
     8886.2634660       -26.4427019         1.8808334     36703.4000000     1
     9002.9060934       -25.8981800         1.8255820     36704.4000000     1
     8970.0785112       -25.1509223        -0.4201554     36705.4000000     1
     9560.8441228       -26.5352042        -0.6216658     36706.4000000     1
     8887.1123729       -22.8832085         0.4436935     36707.4000000     1
     9233.1660309       -24.4418329         0.8935882     36708.4000000     1
     9289.3570422       -23.7935907         2.9883305     36709.4000000     1
     9232.8446979       -22.0945074         0.2776980     36711.4000000     1
     9530.5648395       -22.1258309         2.8647550     36712.4000000     1
     9750.5431187       -22.3802792         0.9953690     36713.4000000     1
     9552.9456284       -21.0649654         2.1115847     36714.4000000     1
    10359.9321939       -23.4030192         0.1608069     36715.4000000     1
    10276.3528049       -21.7997421         3.1151694     36716.4000000     1
    10075.0683077       -21.3661306         1.9881246     36717.4000000     1
    10242.9132527       -20.9042013         6.9846243     36718.4000000     1
     9969.6089766       -18.7972859        -0.8664032     36719.4000000     1
    10296.8133755       -20.1756412         2.4198492     36720.4000000     1
    10979.6485742       -22.4352847         3.5461165     36721.4000000     1
    10890.4836506       -20.8007864        -2.1771877     36722.4000000     1
    11316.9392427       -22.6168366         1.1074607     36723.4000000     1
    10822.3650623       -20.6456270         1.4363900     36724.4000000     1
    10982.7815928       -20.4454565        -1.1929324     36725.4000000     1
    10792.0422976       -20.2774439         1.0804068     36726.4000000     1
    11359.5144572       -21.5140684         0.6746652     36727.4000000     1
    11059.1782378       -20.5728807        -0.2482972     36728.4000000     1
    11109.7221643       -20.3029555         0.6068949     36729.4000000     1
    11666.2632117       -22.0314555         0.3784713     36730.4000000     1
    11486.5061954       -21.2417025         3.0593836     36731.4000000     1
    12114.5433059       -23.1409245         2.8799264     36732.4000000     1
    11446.7924888       -21.4507625         2.6296238     36733.4000000     1
    12013.4408024       -22.5273125         3.7871943     36734.4000000     1
    11704.5792974       -22.7483897        -0.7859325     36735.4000000     1
    12003.0887436       -23.1246404         1.8802702     36736.4000000     1
    11898.4168647       -22.9246498        -1.4392948     36737.4000000     1
    12081.5160631       -23.5741179         1.3361933     36738.4000000     1
    11745.4324944       -23.0970116         0.2630854     36739.4000000     1
    12150.0188690       -24.4672940         2.8867852     36740.4000000     1
    12287.4467440       -25.2144966         3.3652218     36741.4000000     1
    12266.3959499       -25.5913390         3.8127038     36742.4000000     1
    12697.3347496       -26.7685681         0.6088261     36743.4000000     1
    12249.1182252       -26.2764403         3.8778575     36744.4000000     1
    11983.0487939       -25.9465015         2.5579852     36745.4000000     1
    12517.0523277       -27.6418016         1.9015459     36746.4000000     1
    12543.1080289       -28.6053428         2.0241605     36747.4000000     1
    12223.3924842       -28.0144069         3.7573110     36749.4000000     1
    11971.9453029       -28.5733827         1.8625692     36750.4000000     1
    12455.8230117       -29.6470573         1.4040153     36751.4000000     1
    11678.1170289       -28.9331507        -1.9475062     36752.4000000     1
    11916.1688181       -29.8247151        -1.1849822     36753.4000000     1
    12354.8898024       -31.0856249         3.1280132     36754.4000000     1
    12111.0745160       -31.7246395        -0.7107590     36755.4000000     1
    12796.0909147       -33.6646767         1.0750647     36756.4000000     1
    12298.1434632       -33.2931878         1.4866760     36757.4000000     1
    11267.3905271       -32.5881947         1.1164504     36758.4000000     1
    12194.0847206       -34.1558972         2.1742409     36759.4000000     1
    12228.6523368       -35.1529287         3.0791627     36760.4000000     1
    12233.5896471       -35.6942002         6.3530905     36761.4000000     1
    11863.5416807       -35.9997599        -0.2682549     36762.4000000     1
    11611.8539969       -35.7157883         3.1360189     36763.4000000     1
    11575.8148678       -36.2926056         1.8423564     36764.4000000     1
    11760.0514362       -37.1654980         2.2694001     36765.4000000     1
    11496.4859383       -37.6507771         0.0007692     36766.4000000     1
    11386.1035964       -38.2392343         3.1856040     36767.4000000     1
    11437.6361506       -39.3352410         4.2174278     36768.4000000     1
    11195.9732880       -39.7979017         3.6326668     36770.4000000     1
    10602.0334024       -39.5027896         0.1792474     36771.4000000     1
    10932.3591198       -40.9095981         1.6381134     36772.4000000     1
    11174.1618828       -42.0059668         2.1512605     36773.4000000     1
    11013.2881821       -43.0173532         3.0535771     36775.4000000     1
    10604.4537023       -43.2792002         0.5761647     36776.4000000     1
    10412.3188619       -43.9419594         2.1075678     36777.4000000     1
     9445.8911265       -43.2016371         0.1624333     36778.4000000     1
    10537.9869461       -44.8221730         1.7262273     36779.4000000     1
     9887.4564942       -45.8347688         1.4683971     36781.4000000     1
    10775.5616109       -47.1962722         3.1610283     36782.4000000     1
    11019.1000528       -47.4351604         6.4248554     36783.4000000     1
    10793.3638301       -48.2182608         1.0695486     36784.4000000     1
     9730.6276170       -48.8321376        -1.9742456     36785.4000000     1
    10275.1268406       -49.6154976         3.4885288     36786.4000000     1
     9974.5911822       -50.3014937         4.2999874     36787.4000000     1
     9684.0206044       -50.4319793         4.0397243     36788.4000000     1
     9772.9010438       -51.3367927        -1.0908887     36789.4000000     1
    10543.4926765       -52.0960533         4.0395389     36790.4000000     1
     9633.5562494       -52.4121125        -0.4753232     36791.4000000     1
    10254.5963985       -54.1424852         0.6306339     36792.4000000     1
     9389.0495236       -53.5865033         4.2780004     36793.4000000     1
    10471.2943801       -54.6758753         3.1242450     36794.4000000     1
    10201.8481439       -54.7284417         7.0849006     36795.4000000     1
     9748.0473694       -55.5003009         1.1733352     36796.4000000     1
     9965.0386143       -56.6728552         1.4360228     36797.4000000     1
    10116.5077943       -56.9735055        -2.0011884     36798.4000000     1
     9497.0127112       -58.0577470         3.5045455     36799.4000000     1
     9779.8188778       -58.2488726         1.6208531     36800.4000000     1
     9717.0948092       -58.9784884        -2.1472184     36801.4000000     1
     9315.6223901       -59.8726397         3.9615695     36802.4000000     1
    10042.4967415       -60.4165698         1.7866590     36803.4000000     1
     9608.2222427       -61.3536274         3.5457652     36804.4000000     1
     9213.3123203       -62.4489142        -2.3255653     36805.4000000     1
     9763.4159925       -62.2897645         1.2945464     36806.4000000     1
     9797.2618719       -61.9914347         1.4513349     36807.4000000     1
     8975.2642601       -64.4418211         0.4140810     36808.4000000     1
     9033.7296252       -65.1106888        -3.4441861     36809.4000000     1
     9908.2298794       -64.6850428         2.3055536     36810.4000000     1
     9033.8040716       -66.3351724        -0.2321999     36811.4000000     1
     9371.6336181       -66.0790188        -0.0795547     36812.4000000     1
     9313.5789348       -67.0213790         0.9177235     36813.4000000     1
     9507.3323922       -67.7204539        -1.5097162     36814.4000000     1
    10522.1978597       -66.2563392         4.1311356     36815.4000000     1
     9002.9686732       -69.2270099         3.7105875     36816.4000000     1
     9420.1233280       -69.9955220        -2.8866446     36818.4000000     1
    10210.9285401       -69.3579553         1.0777603     36819.4000000     1
     9177.8280834       -71.4360334        -0.8318310     36820.4000000     1
     9239.3979125       -72.7634471         3.3366050     36821.4000000     1
     9932.0445152       -71.7061355         2.3348482     36822.4000000     1
     9368.1613592       -73.0577796         1.6756390     36823.4000000     1
     9959.6199898       -72.8432505         1.4386631     36824.4000000     1
     9109.9728459       -74.4025361        -1.4415403     36825.4000000     1
    10128.7870024       -73.8273513         6.3400058     36826.4000000     1
     9794.7217292       -74.7855525         3.3156398     36827.4000000     1
     8914.9877083       -77.8302593         3.7797253     36828.4000000     1
     9227.1964480       -77.1982627         5.5978589     36829.4000000     1
     9614.3945052       -76.7732593         7.2224427     36830.4000000     1
     9186.5128066       -78.9783212         6.6731913     36831.4000000     1
     9164.5655212       -79.7082878         4.4936118     36832.4000000     1
     9504.1934690       -78.8246403         0.9663992     36833.4000000     1
     9444.0253056       -79.9166362        -0.5432697     36834.4000000     1
    10233.1273085       -78.7931991        -0.8154940     36835.4000000     1
     9454.5599511       -81.9612484         0.3020671     36837.4000000     1
     9417.3295308       -82.4925245         4.4404900     36838.4000000     1
     9818.1758350       -82.4072402         1.0349036     36839.4000000     1
     9422.7190977       -84.3458907         5.2512100     36840.4000000     1
     9665.0249290       -83.9904035         3.0146303     36841.4000000     1
    10402.0595107       -82.4315519         3.3871210     36843.4000000     1
    10002.5135544       -85.6191850         2.7512869     36844.4000000     1
     9063.3211819       -88.3821621         1.0615134     36845.4000000     1
     9734.4038137       -87.3384334         6.6280053     36846.4000000     1
     9740.5652646       -87.7589799         5.0446128     36847.4000000     1
     9611.4404716       -89.0173009         1.0745121     36848.4000000     1
     9602.4229155       -89.7154356        -0.6511585     36849.4000000     1
    10029.0028241       -88.4333003         1.1600876     36850.4000000     1
    10104.0814295       -88.2726765         6.6455125     36851.4000000     1
     9925.6161985        89.3260861         2.5368172     36852.4000000     1
     9721.8538132        88.0909811         1.2126268     36853.4000000     1
    10440.2686775       -89.8374318         8.1548220     36854.4000000     1
     9629.4243926        86.0517981         5.5982372     36855.4000000     1
     9867.8768816        85.0840440         2.7236675     36857.4000000     1
    11153.2822931        89.9578003         8.1994509     36858.4000000     1
    10082.4266752        86.0062930        -0.0360103     36859.4000000     1
    10382.9606383        86.0428995         7.2409451     36860.4000000     1
    10799.4114093        86.9278158         4.8559081     36861.4000000     1
    10750.5722171        85.6906945         1.0906388     36862.4000000     1
    10167.4574794        82.6984996         3.7174799     36863.4000000     1
    10637.8278687        84.0721198         4.4091109     36864.4000000     1
    10671.7703097        83.4400121         2.1400536     36865.4000000     1
    11114.6964580        84.5170232         0.6930729     36866.4000000     1
    10557.9113700        81.5929898        -0.1695604     36867.4000000     1
    10812.7849669        82.1913408         5.7896144     36868.4000000     1
    11202.9231380        82.8049364        -3.8861737     36869.4000000     1
    10970.8664471        81.3445027        -1.1567822     36870.4000000     1
    10735.2663258        79.3177967         3.3021668     36871.4000000     1
    10959.1394617        80.6599588         4.7441758     36872.4000000     1
    10215.0876072        75.4658670         1.9377664     36874.4000000     1
     7066.9558959        63.5185857        -0.9409603     36919.4000000     2
     6770.7598232        63.3874427         0.1785646     36920.4000000     2
     6505.4094223        62.2126739         5.6413431     36921.4000000     2
     6530.8046413        63.2877715         2.6166906     36922.4000000     2
     5787.8436589        63.5988854         0.6470716     36924.4000000     2
     5657.4075334        64.8303692         6.0185371     36925.4000000     2
     5788.9264668        65.8472437         1.1769665     36926.4000000     2
     5598.3752963        66.8410143         2.4116286     36927.4000000     2
     6128.5690772        69.7724957         3.8147767     36928.4000000     2
     5614.6367369        70.5214169         2.7654212     36930.4000000     2
     5709.2116647        72.0374186         4.9414926     36931.4000000     2
     5491.3848832        74.6211632         8.9125381     36933.4000000     2
     5449.3734524        75.2463733         0.9365375     36934.4000000     2
     5293.6718083        76.7019015         4.6797119     36935.4000000     2
     5579.1234209        77.7651323         3.1654596     36936.4000000     2
     4644.1515907        78.3681513         2.3463074     36937.4000000     2
     4910.7582591        79.5136938         0.4411727     36938.4000000     2
     5128.6390831        81.2490419         3.7925377     36939.4000000     2
     5433.7803564        84.2147727         3.3898067     36940.4000000     2
     5529.1515224        85.6461642         6.7989302     36942.4000000     2
     5224.9068261        87.0458937         4.4955608     36943.4000000     2
     5613.7564265        86.8855792         4.7117380     36944.4000000     2
     5528.4176359        88.9645141         0.5011697     36945.4000000     2
     5308.7305819       -89.7921070         2.1425850     36946.4000000     2
     5405.7379655       -87.7336837         9.6027251     36947.4000000     2
     5219.3984929       -87.4355055         6.8528202     36948.4000000     2
     4922.8080879       -84.8501672         6.1590379     36949.4000000     2
     5538.5684496       -85.1034984         1.9249712     36950.4000000     2
     4281.6856846       -79.9230003         5.0853856     36951.4000000     2
     4585.1774750       -78.9189422         1.7484315     36952.4000000     2
     4883.5794519       -78.8491491         6.3990809     36953.4000000     2
     4948.2892266       -78.1134115         0.8048697     36954.4000000     2
     4787.4995137       -76.0503487         0.5461981     36955.4000000     2
     5145.8766299       -75.9181026         7.7924577     36956.4000000     2
     5504.9515855       -75.7563505         0.0501639     36957.4000000     2
     4776.3194210       -71.4556657         8.9542634     36958.4000000     2
     4782.9212868       -69.4938521         4.9880906     36959.4000000     2
     5210.2903018       -70.1375854         6.5468580     36960.4000000     2
     5188.3919829       -69.4736916         3.5578174     36961.4000000     2
     5458.0399645       -67.9843363        12.6265830     36962.4000000     2
     5135.0949148       -65.2949992        13.4313530     36963.4000000     2
     5282.6684271       -66.2364636        -1.2938446     36964.4000000     2
     5252.8031452       -63.9428126         8.4885277     36965.4000000     2
     5837.6954307       -66.0626962         5.1489115     36966.4000000     2
     5975.3018887       -65.4345190         1.3907143     36968.4000000     2
     5450.3509807       -60.1875338         3.4355285     36969.4000000     2
     5648.4344625       -61.4883499         2.8896215     36970.4000000     2
     6051.6127788       -61.7119154         5.1761860     36971.4000000     2
     6175.9534739       -62.5160946        -0.4347807     36972.4000000     2
     6261.5482654       -62.5996030        -0.1679279     36973.4000000     2
     6652.1841207       -63.1376514         2.6783518     36974.4000000     2
     6524.5135727       -61.9782363         3.9150917     36975.4000000     2
     6613.1854120       -62.2880800         7.5576913     36976.4000000     2
     6698.2031604       -62.8535638         2.4495394     36977.4000000     2
     7187.2417913       -64.5419101         1.6892231     36978.4000000     2
     7014.2959445       -63.3012017         3.0692390     36979.4000000     2
     7148.9640643       -63.5397425         3.7669491     36980.4000000     2
     7177.2632991       -63.2543662         1.8932860     36982.4000000     2
     7886.7584980       -67.0732852         1.7390610     36983.4000000     2
     7513.1790648       -64.7796698         0.7644092     36984.4000000     2
     7503.9815376       -63.8916330         8.6223845     36985.4000000     2
     7890.5326791       -66.1299323         1.8497927     36986.4000000     2
     7867.3287041       -66.6449817         4.1344258     36987.4000000     2
     7651.6052153       -65.0023024         5.0774863     36988.4000000     2
     7798.2953058       -66.4561490         3.3367317     36990.4000000     2
     7822.8943903       -66.5040091         2.7583769     36991.4000000     2
     8280.9345397       -68.7955380         4.3174977     36992.4000000     2
     8238.9106702       -68.8175794         1.4591467     36993.4000000     2
     8755.0239939       -71.0901820         2.5517500     36994.4000000     2
     7944.8997087       -68.7469364         3.7285925     36995.4000000     2
     8532.6184943       -71.3614916         2.7715216     36996.4000000     2
     8399.7260923       -71.3981946         6.2263396     36997.4000000     2
     8795.7072780       -72.9805523         1.0442603     36998.4000000     2
     9062.9380881       -74.5783918        -1.0099782     36999.4000000     2
     7985.5714626       -72.1465814        -2.7965918     37000.4000000     2
     8874.9941790       -75.2600920         3.0371516     37001.4000000     2
     8650.3979155       -75.1082799        -1.3026730     37002.4000000     2
     8326.8533307       -75.2707332         2.7365499     37003.4000000     2
     9141.8783865       -77.7935143         5.0362511     37004.4000000     2
     8793.5663186       -77.9307711         2.5217207     37005.4000000     2
     8575.4343390       -77.7077125         6.6296821     37006.4000000     2
     9160.9467182       -81.3121896         2.1381090     37008.4000000     2
     8926.6536886       -81.1037241         3.8073884     37009.4000000     2
     8330.1084004       -81.2550802         2.8985458     37010.4000000     2
     8363.4581851       -81.4312797         2.0598323     37011.4000000     2
     8438.0123414       -82.9269953         3.2645181     37012.4000000     2
     8354.6259313       -83.8459066         6.4372709     37013.4000000     2
     8429.3093045       -84.8994017         1.2161900     37014.4000000     2
     8341.5676803       -85.1658812         0.9813212     37015.4000000     2
     8480.1248544       -86.6668183        -0.7966933     37016.4000000     2
     8358.2401535       -87.2113999         1.6098537     37017.4000000     2
     7952.1280177       -87.1474992         0.1811770     37018.4000000     2
     8081.5893427       -88.5154049        -0.9880038     37019.4000000     2
     8046.1651895       -89.1168303         0.6829950     37020.4000000     2
     7647.3678755       -89.6151407         7.2035592     37021.4000000     2
     7719.4962628        89.6258362         2.6394934     37023.4000000     2
     7459.9184120        88.6926838        -0.3949488     37024.4000000     2
     7441.1740905        89.4927716         3.5592111     37025.4000000     2
     7110.7617161        87.9641097         3.9690239     37026.4000000     2
     7297.2965744        87.9818002         4.4155985     37027.4000000     2
     6816.4662510        87.5828871         7.2668271     37028.4000000     2
     6773.7401561        87.3592591         5.6792442     37029.4000000     2
     6435.5709808        86.8723864         2.7841036     37031.4000000     2
     5983.6352423        86.7982086         1.7771501     37033.4000000     2
     6351.9470428        86.0048332         2.5102553     37034.4000000     2
     6114.3417383        85.8702589         1.4353094     37035.4000000     2
     6274.8241601        85.5096552        13.3740267     37036.4000000     2
     6177.3192754        85.8995677         1.4679615     37038.4000000     2
     5519.4134887        85.8074984         3.8841547     37039.4000000     2
     5577.9638085        85.0285325         7.1480319     37040.4000000     2
     5238.9516150        85.4196623         5.7196831     37041.4000000     2
     5438.4716481        85.2476547        -3.0716797     37042.4000000     2
     4930.6305748        85.0338637         3.1379974     37043.4000000     2
     5743.8358647        84.7308612         3.7006471     37044.4000000     2
     4410.5126155        85.6772098         2.9538056     37045.4000000     2
     4502.0432306        85.2635746         8.1706974     37046.4000000     2
     4657.2272286        85.1020594         6.2399254     37047.4000000     2
     4390.9515657        85.5347020         3.2260589     37048.4000000     2
     4897.0892421        84.2017216         8.4211370     37049.4000000     2
     3897.6148590        85.5525080         1.0108800     37050.4000000     2
     4125.5812552        85.3078505         3.9171452     37051.4000000     2
     4265.4157233        84.9708688         3.7210534     37052.4000000     2
     4400.7551813        85.9127879         6.7441453     37053.4000000     2
     3711.9783143        86.4981269         1.2621489     37054.4000000     2
     4016.3770436        86.8992977         4.8769677     37055.4000000     2
     3509.6806875        86.5494840        11.2620037     37056.4000000     2
     3989.8283155        87.5329286         7.1671964     37057.4000000     2
     3355.4972819        89.3693543         7.2578217     37058.4000000     2
     3784.9325978        87.3073598         6.8347126     37059.4000000     2
     3382.3169536       -89.3271263         6.1567820     37061.4000000     2
     2514.9871799       -87.3067026        -1.4657288     37062.4000000     2
     3666.5226857       -87.8233115         7.6416725     37063.4000000     2
     2782.2933179       -84.4223748        13.1128937     37064.4000000     2
     2940.9416056       -83.7220289         8.0002890     37065.4000000     2
     3000.6946700       -82.5934492         6.0831679     37066.4000000     2
     3103.5555366       -78.4380157        14.3240311     37068.4000000     2
     3310.5745961       -75.7236787        10.1232376     37070.4000000     2
     3178.0981642       -71.7912676         6.2172967     37071.4000000     2
     3109.9176213       -69.1209921         4.3180333     37072.4000000     2
     2875.0676150       -64.9968571        -1.2787431     37073.4000000     2
     2906.7847351       -64.5907438         7.0072776     37074.4000000     2
     3136.2410342       -65.2901198         8.5185457     37075.4000000     2
     3660.1079830       -67.5505237         8.0598731     37076.4000000     2
     2945.2549195       -57.7906451        -0.4822262     37077.4000000     2
     3197.0103221       -58.2016257        -0.8808821     37078.4000000     2
     4000.1886694       -62.7857179         5.1629979     37079.4000000     2
     3846.8640819       -62.4712469         5.5874175     37080.4000000     2
     4087.9083337       -60.5997186        11.8787170     37082.4000000     2
     3790.3577251       -57.6867120         2.9732653     37083.4000000     2
     4376.2518908       -62.0854186         3.5758092     37084.4000000     2
     4046.4351371       -57.1084305        -6.1934263     37086.4000000     2
     4744.3790993       -61.4559151         2.1598467     37088.4000000     2
     4487.2436242       -58.1085900         0.8377305     37089.4000000     2
     4997.6998756       -61.6678180         5.2433908     37091.4000000     2
     5085.5535175       -60.2275247        11.1946180     37092.4000000     2
     5126.6537935       -61.1620437         2.3060757     37093.4000000     2
     5336.5844772       -61.1314168         4.5529470     37095.4000000     2
     5903.3930164       -63.9609933         1.4881900     37096.4000000     2
     5486.1004357       -61.2573619        -1.9706198     37097.4000000     2
     6284.5224744       -65.8156579         1.1798877     37098.4000000     2
     5869.7893536       -62.3228319        -1.5908109     37099.4000000     2
     5969.2102330       -61.0566499         0.9057359     37101.4000000     2
     6235.6515432       -62.0735632         5.5697360     37102.4000000     2
     6348.6499473       -62.6677969         2.8050022     37103.4000000     2
     6323.0046588       -61.1987485         4.7139151     37105.4000000     2
     6976.3244503       -64.0703735        -1.7506520     37106.4000000     2
     6761.4161558       -62.7989622        -3.0538531     37107.4000000     2
     7244.4840142       -64.2818368         1.0399676     37109.4000000     2
     6773.0931710       -60.4720447         0.9388791     37110.4000000     2
     7331.7830850       -63.1130636        -2.2195768     37111.4000000     2
     7104.0772778       -61.1077303         4.6215818     37112.4000000     2
     7860.6797627       -64.2496908         1.4684635     37114.4000000     2
     7683.4932587       -63.0650095         2.7505660     37115.4000000     2
     7789.1008078       -63.0845974         0.9029538     37117.4000000     2
     8163.4296990       -64.9160176         1.9036906     37118.4000000     2
     7991.2244083       -62.4637070         0.0199367     37119.4000000     0
     8033.3783040       -64.1876348         1.1489333     37120.4000000     2
     8238.0218389       -64.8223534         1.5643644     37121.4000000     2
     8238.0170776       -63.3101989        -0.1328035     37122.4000000     2
     8789.2080671       -67.5711642         2.8999871     37123.4000000     2
     8494.3170102       -66.6116087         3.4799522     37125.4000000     2
     8832.2668836       -67.9428900         2.6175517     37126.4000000     2
     8989.6392654       -69.0256022         3.6576092     37127.4000000     2
     8498.3320501       -67.2355924         1.3310069     37128.4000000     2
     8666.5979169       -69.2682601         3.7258454     37130.4000000     2
     8911.7821800       -69.5727760         7.0747697     37131.4000000     2
     8885.3303315       -70.0502546         2.5485736     37132.4000000     2
     8694.9144027       -70.9621799         2.6206806     37133.4000000     2
     9254.6665170       -73.1021435        -0.0954853     37134.4000000     2
     9157.9406914       -73.8071193         2.7087415     37135.4000000     2
     8935.7599909       -73.5563344         0.8754670     37136.4000000     2
     9049.0817441       -74.7432173         3.2499877     37137.4000000     2
     8902.7719070       -74.8500304         3.8437455     37138.4000000     2
     9195.9848816       -77.3722142         1.9742401     37139.4000000     2
     8738.3124216       -76.0926064         2.7251676     37140.4000000     2
     9011.2549485       -77.2860343         2.5981405     37141.4000000     2
     8681.4645348       -77.4570249         3.6897507     37142.4000000     2
     8948.0451715       -80.0694967         3.4661367     37144.4000000     2
     8492.7132666       -79.0662210         4.0612589     37145.4000000     2
     8886.0108666       -80.6699682         1.3057944     37146.4000000     2
     8314.6680154       -79.8901191         2.6645361     37147.4000000     2
     8124.4399188       -80.1309292         4.3704698     37148.4000000     2
     8496.7885521       -81.9971424         2.8448410     37149.4000000     2
     8454.0496948       -82.6472642         2.6549233     37150.4000000     2
     7759.4650717       -82.7013773         2.9180933     37151.4000000     2
     7620.6188264       -82.0962545         2.6674389     37152.4000000     2
     7951.8884990       -83.0152373         1.6336493     37153.4000000     2
     7771.8243468       -84.2196831         4.8079310     37155.4000000     2
     7556.2748095       -83.0621383         1.7675502     37156.4000000     2
     7359.1621506       -82.8781278         3.9799461     37157.4000000     2
     7245.6921160       -82.9311260         4.9173280     37158.4000000     2
     6908.2151091       -82.1903368         1.9437824     37159.4000000     2
     6700.9620160       -82.9835253         4.9246817     37161.4000000     2
     6658.1675697       -82.6066529         4.3912216     37162.4000000     2
     6618.8449470       -83.3994604         9.5211813     37163.4000000     2
     6217.8806590       -83.0088661         1.9175278     37164.4000000     2
     6143.4584779       -83.1389231         6.1425380     37165.4000000     2
     5826.2675917       -83.3451362         1.3913834     37166.4000000     2
     5912.7106929       -82.5893375         5.7662281     37167.4000000     2
     5813.7857989       -83.3538401         5.0339835     37168.4000000     2
     5811.1459881       -82.5608563         5.3973888     37169.4000000     2
     5809.8822020       -82.3771820         4.4129542     37170.4000000     2
     5297.7825378       -83.7587549        10.5975382     37171.4000000     2
     5425.5054359       -84.2306100         5.0570442     37172.4000000     2
     4886.3134528       -82.4553944         3.5670495     37173.4000000     2
     5154.2422640       -83.2055867         8.6481112     37174.4000000     2
     4714.2435736       -81.7718472         4.1638750     37176.4000000     2
     4497.7334253       -81.9618938         4.4756661     37179.4000000     2
     4082.7664728       -81.5459056         4.3831297     37181.4000000     2
     4192.5783333       -83.6965988         3.8883423     37182.4000000     2
     3769.0643917       -81.6259735        10.8563318     37184.4000000     2
     3945.5706831       -84.4627846         8.1296136     37185.4000000     2
     3440.6653740       -78.9309909         7.5102480     37186.4000000     2
     3216.3881696       -79.6152453         8.1144268     37187.4000000     2
     3390.0861690       -79.7497106         1.8219352     37188.4000000     2
     3651.5925497       -76.0556899        -0.6492250     37189.4000000     2
     3231.4172831       -74.6518915         1.6136392     37190.4000000     2
     2645.3860274       -73.5280879         5.0793475     37191.4000000     2
     3061.3760677       -71.7388234         1.8723538     37192.4000000     2
     3153.2666607       -69.0723205         3.8860380     37194.4000000     2
     3002.2877377       -68.4127597         8.3697341     37195.4000000     2
     3394.1028951       -66.3961848         5.9976148     37196.4000000     2
     3164.0587487       -62.5909511         6.0107056     37197.4000000     2
     3126.7845218       -59.1429956        10.7592757     37198.4000000     2
     3289.0846308       -58.5744290         9.1173361     37199.4000000     2
     3330.5019806       -59.9598466         0.6056477     37200.4000000     2
     3507.7645230       -56.7826911         3.5656131     37201.4000000     2
     3418.9615893       -56.9846442        12.4261730     37202.4000000     2
     3390.4749038       -52.6748273         3.4197908     37203.4000000     2
     3769.2292166       -54.6813119         9.8684948     37204.4000000     2
     3700.3503611       -53.2826949         6.7260154     37205.4000000     2
     3691.9678126       -51.1482806         6.1605713     37206.4000000     2
     3613.4500919       -49.7556647         3.1394894     37207.4000000     2
     3875.2938145       -49.4963747         8.2292396     37208.4000000     2
     4179.0972823       -51.6867467         3.7776620     37210.4000000     2
     4303.4865852       -50.7484012        10.8108213     37211.4000000     2
     4302.8596565       -48.8786546         1.8295064     37212.4000000     2
     4160.2958940       -45.9294413         5.6401597     37213.4000000     2
     4418.1724717       -48.5789061         1.6209931     37214.4000000     2
     4427.7368708       -47.2875145         5.2798918     37215.4000000     2
     4734.0244769       -50.8599648         6.0565672     37216.4000000     2
     4785.9652151       -50.9731582         2.7516266     37217.4000000     2
     4703.0605721       -48.5020787         7.8830953     37218.4000000     2
     4899.6398042       -50.2716234        -0.2251100     37219.4000000     2
     5103.5203988       -51.1640468         2.7623166     37220.4000000     3
     5263.0830817       -47.6045772         5.8378967     37221.4000000     3
     5427.7757848       -52.8473301         6.0402614     37222.4000000     3
     5552.3412695       -49.6387490         1.7683236     37223.4000000     3
     5697.8937565       -49.6336479         3.3974866     37224.4000000     3
     5913.8555164       -50.3580585         4.5808677     37225.4000000     3
     5876.4527709       -50.3345205         4.1634772     37226.4000000     3
     5978.7746432       -51.9327389         2.8667063     37227.4000000     3
     5942.4602292       -51.9939930         6.1509202     37228.4000000     3
     6117.9428431       -54.3619977         2.6402459     37230.4000000     3
     6271.7161193       -51.8032514         4.0201336     37231.4000000     3
     6558.3159872       -51.4258747         3.2746433     37232.4000000     3
     6678.9774045       -51.9913480         2.9090401     37233.4000000     3
     6800.8553180       -51.6524778         3.6010565     37235.4000000     3
     6900.9300451       -51.9933681         6.1549410     37236.4000000     3
     6889.2560166       -55.2691769         5.9111803     37237.4000000     3
     7318.9692551       -53.1095759         5.9365764     37239.4000000     3
     7392.7639044       -53.3650877         3.6479255     37240.4000000     3
     7339.4570337       -54.5805040         2.2474487     37241.4000000     3
     7477.6079121       -56.4008854         3.9202569     37242.4000000     3
     7682.3120564       -55.0183435         5.4803338     37243.4000000     3
     7767.6772781       -53.7526922         3.5565243     37244.4000000     3
     7820.5873816       -57.2032509         6.3389926     37245.4000000     3
     7980.1317624       -56.4525443         4.1684233     37246.4000000     3
     7922.2259320       -56.6968976         2.0510445     37247.4000000     3
     7877.7850019       -57.2490717         1.9441476     37248.4000000     3
     8153.9671015       -57.8502452         4.0904613     37249.4000000     3
     8179.8899130       -58.4378571         5.4814965     37250.4000000     3
     8221.3533856       -58.7189672         2.9247634     37251.4000000     3
     8311.7851559       -58.7026742         3.4837567     37252.4000000     3
     8223.7443028       -61.0008404         4.4927152     37253.4000000     3
     8214.0041425       -62.6142180         1.9786925     37254.4000000     3
     8454.9729049       -62.4504206         3.1908028     37255.4000000     3
     8532.2642661       -62.3015465         2.8696634     37256.4000000     3
     8583.9814353       -61.8958412         2.8773492     37257.4000000     3
     8504.4580186       -63.8189159         2.7938005     37258.4000000     3
     8493.3418115       -64.9111193         2.7441518     37259.4000000     3
     8716.1514174       -63.6180446         3.7560195     37260.4000000     3
     8552.3679416       -65.7368107         3.6275706     37261.4000000     3
     8535.6399539       -66.2499930         3.7096595     37262.4000000     3
     8747.1360370       -66.0292013         3.4982778     37263.4000000     3
     8634.7096727       -67.4107077         3.3426574     37264.4000000     3
     8677.5337743       -67.7622518         3.2186781     37265.4000000     3
     8849.5647336       -68.7811647         3.3544448     37267.4000000     3
     8618.7947108       -68.7990374         4.1034038     37268.4000000     3
     8671.0307272       -70.5300744         3.2832720     37269.4000000     3
     8621.0911444       -70.4710448         2.2983293     37270.4000000     3
     8611.0208873       -73.2986545         2.4661245     37271.4000000     3
     8485.4408495       -73.9628173         2.4503715     37272.4000000     3
     8456.4872966       -74.5535180         2.2281735     37273.4000000     3
     8432.4127153       -74.0279239         3.7847003     37276.4000000     3
     8231.4073732       -75.9479272         3.6403865     37277.4000000     3
     8393.9043388       -78.5126002         4.4343543     37278.4000000     3
     8188.4343408       -76.9149505         3.7787424     37279.4000000     3
     8275.7995193       -79.2433914         4.6919805     37280.4000000     3
     8034.2099170       -78.2112603         4.3440054     37281.4000000     3
     7994.0997288       -77.0549163         2.8930085     37282.4000000     3
     7942.9465521       -78.2665590         3.6057759     37283.4000000     3
     7846.5192536       -77.8260673         2.6895090     37284.4000000     3
     7830.2589977       -80.2563901         2.0642399     37285.4000000     3
     7816.6265510       -79.4917041         6.2518636     37286.4000000     3
     7641.7837893       -84.2917974         3.5211936     37288.4000000     3
     7429.2738298       -82.5385270         3.8594471     37289.4000000     3
     7326.0268765       -83.7202272         3.1892020     37291.4000000     3
     7108.1625368       -84.5887430         3.4581187     37292.4000000     3
     7195.3158096       -86.6629109         1.9849105     37293.4000000     3
     6900.7406863       -83.4292896         4.6472606     37294.4000000     3
     6757.2397815       -83.6703857         4.4809176     37295.4000000     3
     6777.7560124       -85.6625796         3.7972920     37296.4000000     3
     6607.7229709       -86.1070070         6.3227272     37298.4000000     3
     6381.5334103       -86.0981249         4.0289961     37299.4000000     3
     6353.9331226       -85.7863882         6.4994019     37300.4000000     3
     6272.5378927       -89.9782120         2.6018634     37301.4000000     3
     6196.4392954       -89.5277101         5.9878270     37302.4000000     3
     5992.4733881       -88.3912371         5.6567878     37303.4000000     3
     5661.2953982       -81.5189809         5.8649882     37304.4000000     3
     5849.9413527        89.9038901         4.5388635     37305.4000000     3
     5565.1676921       -87.7750741         4.0497100     37306.4000000     3
     5402.7403889       -83.9364766         7.1524215     37307.4000000     3
     5494.6753613        87.4921487         5.2244423     37308.4000000     3
     5282.8130902        89.1870519         5.8065759     37309.4000000     3
     5102.1537876       -86.8931188         6.4418760     37310.4000000     3
     5172.2676365        88.9205407         6.2662131     37311.4000000     3
     4999.9190332       -89.8658728         4.1465575     37312.4000000     3
     4790.8579296        87.6045519         1.9011111     37313.4000000     3
     4507.2153306       -89.1970278         3.1007089     37315.4000000     3
     4488.6163892       -89.6763684         7.5915596     37316.4000000     3
     4014.7726224       -88.2643084         6.7414877     37318.4000000     3
     4318.4125231        86.3074406         6.5958082     37319.4000000     3
     4095.8295318       -88.5616166        14.3426996     37320.4000000     3
     3877.5562980       -88.3441952        11.5375435     37321.4000000     3
     3979.6954073       -87.8804913        16.6126880     37322.4000000     3
     3687.2350520       -87.6767178         7.1698777     37323.4000000     3
     3540.8393389        89.3239580         8.7173467     37324.4000000     3
     3307.9808823       -88.8868694         7.6705702     37325.4000000     3
     3282.2711132       -86.9848889         9.6962337     37326.4000000     3
     3095.7444337       -82.8973654         8.6477637     37328.4000000     3
     2885.9847609       -86.0125564         5.4355383     37329.4000000     3
     3040.0069463       -84.8394863         8.8393327     37330.4000000     3
     2854.7911452       -84.4928369         6.7586800     37331.4000000     3
     2830.2570502       -75.2183233        11.9586061     37332.4000000     3
     2689.9838719       -77.8259145         5.7120757     37333.4000000     3
     2732.8966014       -84.7027730         8.9074678     37334.4000000     3
     2762.1788740       -72.3999790         9.3593417     37335.4000000     3
     2776.1553321       -62.8449235         9.0145675     37336.4000000     3
     2772.2676197       -65.6689776        11.9190285     37337.4000000     3
     2831.0337817       -62.9252575        13.6346847     37338.4000000     3
     2769.3522178       -68.3345325         7.4240098     37339.4000000     3
     2888.4964605       -59.1689587         9.1849898     37340.4000000     3
     3205.5802537       -51.2340956        20.0758395     37341.4000000     3
     2963.5389111       -54.7252283        10.6722295     37342.4000000     3
     2928.2910691       -56.9592634         4.5940966     37343.4000000     3
     3236.1076059       -51.4471787        11.4172890     37344.4000000     3
     3182.4152197       -54.2198508         8.8550054     37345.4000000     3
     3286.6116899       -51.7037814        15.8967006     37346.4000000     3
     3408.5676656       -47.0082051         0.8804881     37347.4000000     3
     3609.8659260       -47.9286864         6.0682180     37348.4000000     3
     3642.3515195       -51.0513229         5.1370627     37349.4000000     3
     3677.6920923       -47.5083512         5.3669525     37350.4000000     3
     3730.0613322       -46.6461091         4.4026185     37351.4000000     3
     4038.7007937       -48.7923198         0.9619393     37353.4000000     3
     4128.5783125       -47.8458822         6.1252655     37354.4000000     3
     4161.1927175       -49.8559385         9.1090380     37355.4000000     3
     4536.8166096       -45.4845266         6.0349861     37356.4000000     3
     4492.8819520       -50.1416640         7.6122652     37357.4000000     3
     4822.1373068       -45.7928626         6.6466834     37358.4000000     3
     4842.8920353       -52.4910908         5.0002881     37360.4000000     3
     5031.4158899       -46.5401075         4.0569172     37361.4000000     3
     4967.4195086       -51.7116752         5.1998690     37362.4000000     3
     5119.8222623       -49.4158252         3.9744267     37363.4000000     3
     5270.0527295       -50.4365572         5.5163431     37364.4000000     3
     5585.4577989       -49.0764330         8.0029419     37365.4000000     3
     5642.4229145       -49.1914186         6.2492545     37366.4000000     3
     5573.1087855       -52.3910960         5.8797627     37367.4000000     3
     5870.3955015       -51.9721890         6.0731909     37368.4000000     3
     5677.6193796       -54.4524847         6.8655047     37369.4000000     3
