        4637.2217          187.1328          233.5503        36620.4000     1
        4941.1294          420.6831          233.5503        36621.4000     1
        5478.5873          654.2333          233.5503        36622.4000     1
        6249.5918          887.7830          233.5502        36623.4000     1
        7254.1211         1121.3290          233.5500        36624.4000     1
        8492.1030         1354.8623          233.5489        36625.4000     1
        9963.4490         1588.3744          233.5468        36627.4000     1
       13605.9875         2055.3225          233.5394        36628.4000     1
       15776.6357         2288.7100          233.5322        36629.4000     1
       18179.9304         2522.0253          233.5226        36630.4000     1
       20814.6656         2755.1659          233.5066        36631.4000     1
       23681.8248         2988.2458          233.4897        36632.4000     1
       26778.3405         3221.0120          233.4625        36633.4000     1
       30105.8679         3453.6422          233.4329        36634.4000     1
       33661.7319         3685.9458          233.3947        36635.4000     1
       37444.0103         3917.8208          233.3458        36636.4000     1
       41445.0850         4148.7740          233.2724        36637.4000     1
       45681.0369         4380.0200          233.2130        36638.4000     1
       50118.1649         4609.2955          233.1028        36639.4000     1
       54780.1946         4838.3299          232.9937        36640.4000     1
       59650.2167         5066.1095          232.8598        36643.4000     1
       75761.4079         5757.1954          232.6894        36644.4000     1
       81436.2328         5979.2046          232.4557        36645.4000     1
       87166.8147         6192.6558          232.0553        36646.4000     1
       93260.9541         6413.8717          231.8353        36647.4000     1
       99411.2473         6627.0953          231.4710        36648.4000     1
      105775.8529         6840.5470          231.1305        36650.4000     1
      119439.5145         7281.1970          230.7492        36651.4000     1
      126355.0510         7490.8507          230.3890        36653.4000     1
      141098.7690         7922.5368          229.9224        36654.4000     1
      148221.3175         8115.3090          229.3441        36655.4000     1
      155741.3829         8316.5235          228.9185        36656.4000     1
      163089.3099         8503.5368          228.3013        36657.4000     1
      170669.5952         8692.6189          227.7382        36658.4000     1
      178530.8472         8885.4184          227.2482        36659.4000     1
      186151.4649         9062.8177          226.5638        36660.4000     1
      193464.2947         9223.4090          225.6747        36661.4000     1
      201307.3552         9397.2818          224.9872        36662.4000     1
      208512.5812         9543.8686          223.9592        36663.4000     1
      216599.6137         9715.4439          223.2775        36664.4000     1
      224591.5371         9878.5175          222.4962        36665.4000     1
      232541.2948        10035.1890          221.6399        36666.4000     1
      240404.2758        10184.2827          220.6880        36667.4000     1
      248646.6548        10340.6595          219.8317        36668.4000     1
      256560.7496        10481.9827          218.7640        36669.4000     1
      264509.0230        10619.8028          217.6320        36670.4000     1
      272475.3856        10753.5732          216.4185        36672.4000     1
      291990.3957        11113.5832          215.2707        36673.4000     1
      299231.6692        11209.5448          213.2950        36674.4000     1
      306934.2382        11314.4136          211.4016        36675.4000     1
      314955.9330        11423.4609          209.5115        36676.4000     1
      322242.2204        11504.3487          206.9953        36677.4000     1
      329955.5099        11592.0819          204.5202        36679.4000     1
      348754.6330        11849.9828          200.9883        36680.4000     1
      356154.3845        11904.7084          197.3648        36682.4000     1
      374887.0261        12114.9831          192.2560        36683.4000     1
      381373.2288        12108.7181          186.4619        36684.4000     1
      387808.2238        12088.9011          180.1314        36685.4000     1
      394188.7796        12054.5447          173.2239        36686.4000     1
      400797.0878        12015.6175          166.0648        36687.4000     1
      406124.2560        11911.9684          156.5377        36688.4000     1
      409995.1487        11731.8606          144.0938        36689.4000     1
      414510.7933        11560.7183          131.8933        36690.4000     1
      418258.9142        11336.4170          117.4453        36691.4000     1
      421062.9654        11047.0200          100.1245        36692.4000     1
      423255.5097        10704.4589           80.3073        36693.4000     1
      422927.8244        10205.5440           52.9935        36694.4000     1
      422359.4326         9662.4041           23.3166        36695.4000     1
      420915.2989         9036.4650          -10.8736        36696.4000     1
      418304.4804         8304.3780          -51.0300        36697.4000     1
      413179.9482         7370.8943         -102.5559        36698.4000     1
      407700.3094         6372.6873         -156.8435        36699.4000     1
      400205.8039         5192.2504         -220.7293        36700.4000     1
      390439.0090         3805.6234         -295.3759        36701.4000     1
      379359.8120         2290.0409         -375.5792        36702.4000     1
      364530.6256          439.8717         -475.5132        36703.4000     1
      346825.3085        -1674.5183         -590.8422        36704.4000     1
      325475.4513        -4130.3742         -728.2232        36705.4000     1
      302779.9916        -6704.8154         -871.6967        36706.4000     1
      273538.3232        -9947.1331        -1067.0364        36707.4000     1
      242197.9189       -13391.7311        -1275.5466        36708.4000     1
      207611.5216       -17168.0933        -1509.0056        36709.4000     1
      169908.3425       -21255.0925        -1764.5566        36711.4000     1
      105966.4107       -27442.9534        -2051.9916        36712.4000     1
       65560.1643       -31376.4470        -2261.2075        36713.4000     1
       27473.9257       -34568.3818        -2367.0281        36714.4000     1
       -6070.6065       -36547.0624        -2322.0905        36715.4000     1
      -33686.4605       -37011.9127        -2105.3594        36716.4000     1
      -53394.1170       -35611.5218        -1696.1306        36717.4000     1
      -65499.1486       -32515.5869        -1140.9923        36718.4000     1
      -69207.0055       -27751.3226         -468.7477        36719.4000     1
      -68146.4097       -22303.1243          187.1195        36720.4000     1
      -64344.4120       -16801.9665          754.7085        36721.4000     1
      -55701.7488       -10975.0834         1271.5900        36722.4000     1
      -45705.2647        -5663.8490         1662.5824        36723.4000     1
      -33097.1190         -625.5024         1972.5499        36724.4000     1
      -21262.7565         3506.7112         2161.7312        36725.4000     1
      -10098.4607         6871.9988         2263.2778        36726.4000     1
        -318.2697         9452.4246         2289.4334        36727.4000     1
        8350.9348        11404.8976         2261.8664        36728.4000     1
       15807.6900        12790.9029         2189.5952        36729.4000     1
       22589.1067        13760.9387         2086.7981        36730.4000     1
       27807.2723        14198.6629         1944.2679        36731.4000     1
       32619.4521        14344.8738         1784.8997        36732.4000     1
       34857.6962        13848.4153         1579.1666        36733.4000     1
       36922.5342        13189.3717         1374.9847        36734.4000     1
       37126.7311        12102.0417         1150.2213        36735.4000     1
       36804.2003        10890.6930          936.3729        36736.4000     1
       35271.3595         9478.2406          727.3063        36737.4000     1
       33304.3640         8059.4712          540.8474        36738.4000     1
       30227.1720         6545.1429          367.6191        36739.4000     1
       27573.5870         5243.6353          231.6149        36740.4000     1
       24874.7143         4067.2434          121.1449        36741.4000     1
       22087.1405         3006.9545           32.1423        36742.4000     1
       19734.6095         2143.9929          -32.5081        36743.4000     1
       17112.3576         1343.2449          -85.6303        36744.4000     1
       14603.6403          659.7158         -125.2296        36745.4000     1
       12642.5368          144.7350         -149.9818        36746.4000     1
       10901.8451         -272.6326         -166.2694        36747.4000     1
        9279.2885         -620.1602         -176.8686        36749.4000     1
        7094.0924        -1052.4422         -181.0883        36750.4000     1
        5978.2687        -1230.0504         -180.9086        36751.4000     1
        5020.4373        -1365.9781         -178.6664        36752.4000     1
        4185.4194        -1469.8246         -175.0477        36753.4000     1
        3455.4116        -1547.5304         -170.4621        36754.4000     1
        2873.4154        -1597.2083         -164.9043        36755.4000     1
        2339.5868        -1633.1914         -159.0920        36756.4000     1
        1991.8366        -1641.8685         -152.4352        36757.4000     1
        1823.7297        -1626.7554         -145.1366        36758.4000     1
        1489.2790        -1626.6786         -138.8836        36759.4000     1
        1236.8402        -1614.2297         -132.4306        36760.4000     1
        1067.4184        -1590.4483         -125.8243        36761.4000     1
         999.8880        -1554.4054         -119.0252        36762.4000     1
         984.0632        -1512.1357         -112.2847        36763.4000     1
         962.9631        -1469.7393         -105.8425        36764.4000     1
         922.4860        -1428.5828          -99.7338        36765.4000     1
         957.2796        -1379.3072          -93.5530        36766.4000     1
        1024.5407        -1326.6971          -87.4983        36767.4000     1
        1100.4707        -1273.3385          -81.6693        36768.4000     1
        1235.2785        -1214.5141          -75.8620        36770.4000     1
         665.0656        -1174.4474          -68.0341        36771.4000     1
        1092.0386        -1087.8095          -61.7662        36772.4000     1
        1419.3857        -1013.6531          -56.2851        36773.4000     1
        1766.2008         -940.0351          -51.0678        36775.4000     1
        1579.7931         -876.7958          -44.5327        36776.4000     1
        2193.6480         -783.1663          -39.1210        36777.4000     1
        2761.7227         -697.7496          -34.2707        36778.4000     1
        3015.4173         -644.0916          -30.8519        36779.4000     1
        3334.7087         -586.1016          -27.4039        36781.4000     1
        3192.7299         -543.1424          -23.6565        36782.4000     1
        3617.8831         -479.1006          -20.3270        36783.4000     1
        4053.7588         -417.1639          -17.2309        36784.4000     1
        4532.5959         -354.3994          -14.2440        36785.4000     1
        4868.3648         -307.1809          -11.9620        36786.4000     1
        5187.2668         -263.5824           -9.9101        36787.4000     1
        5462.2170         -225.8162           -8.1576        36788.4000     1
        5684.7391         -194.3371           -6.7065        36789.4000     1
        5877.4309         -166.8826           -5.4610        36790.4000     1
        6099.8010         -138.1313           -4.2203        36791.4000     1
        6298.7623         -112.8176           -3.1547        36792.4000     1
        6496.2754          -88.9103           -2.1840        36793.4000     1
        6667.0422          -68.5379           -1.3792        36794.4000     1
        6861.4163          -47.2191           -0.5746        36795.4000     1
        7049.6116          -27.6056            0.1363        36796.4000     1
        7227.0994          -10.0033            0.7476        36797.4000     1
        7404.9804            6.6262            1.3007        36798.4000     1
        7564.7563           20.7652            1.7466        36799.4000     1
        7704.5957           32.4123            2.0910        36800.4000     1
        7834.6479           42.5585            2.3726        36801.4000     1
        7934.5978           49.6027            2.5375        36802.4000     1
        8048.4883           57.3712            2.7246        36803.4000     1
        8159.3973           64.4250            2.8819        36804.4000     1
        8241.1292           68.6252            2.9307        36805.4000     1
        8332.3049           73.3148            2.9972        36806.4000     1
        8428.7996           78.1302            3.0676        36807.4000     1
        8481.1172           78.8894            2.9763        36808.4000     1
        8509.4743           77.4339            2.7972        36809.4000     1
        8577.1838           79.2729            2.7576        36810.4000     1
        8616.3770           78.4190            2.6054        36811.4000     1
        8661.6717           77.9880            2.4751        36812.4000     1
        8706.8243           77.4203            2.3425        36813.4000     1
        8765.9999           78.0074            2.2650        36814.4000     1
        8875.7032           83.0676            2.3897        36815.4000     1
        8936.6457           83.3054            2.2931        36816.4000     1
        8996.5835           83.3152            2.1900        36818.4000     1
        9191.2232           89.9115            2.2898        36819.4000     1
        9235.1582           87.7872            2.0922        36820.4000     1
        9253.1172           83.2355            1.7957        36821.4000     1
        9307.6422           82.2497            1.6717        36822.4000     1
        9336.6310           78.8298            1.4451        36823.4000     1
        9395.2851           78.3026            1.3573        36824.4000     1
        9397.6496           72.4145            1.0350        36825.4000     1
        9445.8470           71.1030            0.9306        36826.4000     1
        9497.6161           70.1514            0.8469        36827.4000     1
        9471.8831           61.8274            0.4392        36828.4000     1
        9435.0307           52.8198            0.0188        36829.4000     1
        9418.0528           46.1481           -0.2793        36830.4000     1
        9378.4305           37.6389           -0.6463        36831.4000     1
        9333.0254           29.0189           -1.0020        36832.4000     1
        9314.6094           23.4804           -1.2041        36833.4000     1
        9309.2770           19.5454           -1.3252        36834.4000     1
        9360.3345           21.3359           -1.1878        36835.4000     1
        9407.2751           22.6795           -1.0772        36837.4000     1
        9457.9895           21.2396           -1.0470        36838.4000     1
        9507.6116           22.9138           -0.9337        36839.4000     1
        9530.6092           22.0314           -0.9316        36840.4000     1
        9557.5161           21.5929           -0.9118        36841.4000     1
        9629.3942           25.3246           -0.7276        36843.4000     1
        9750.8821           30.3116           -0.4816        36844.4000     1
        9728.2742           25.2056           -0.6548        36845.4000     1
        9717.7629           21.4812           -0.7680        36846.4000     1
        9712.8970           18.4852           -0.8490        36847.4000     1
        9703.9007           15.3368           -0.9316        36848.4000     1
        9692.2779           12.1732           -1.0109        36849.4000     1
        9710.0865           11.6755           -0.9928        36850.4000     1
        9746.8138           12.8013           -0.9190        36851.4000     1
        9786.8282           14.1594           -0.8402        36852.4000     1
        9811.4576           14.2086           -0.8097        36853.4000     1
        9862.8994           16.4517           -0.7056        36854.4000     1
        9880.0010           15.8268           -0.7029        36855.4000     1
        9890.1611           14.6986           -0.7172        36857.4000     1
       10000.3557           19.7296           -0.5024        36858.4000     1
       10074.6290           23.4879           -0.3622        36859.4000     1
       10140.8479           26.4312           -0.2541        36860.4000     1
       10227.1166           30.7583           -0.1050        36861.4000     1
       10323.9913           35.6705            0.0576        36862.4000     1
       10380.5727           37.3007            0.1085        36863.4000     1
       10435.5073           38.7260            0.1511        36864.4000     1
       10490.1279           40.0568            0.1894        36865.4000     1
       10566.6525           42.9501            0.2780        36866.4000     1
       10621.6859           44.1142            0.3074        36867.4000     1
       10669.9764           44.7199            0.3174        36868.4000     1
       10735.0624           46.5389            0.3691        36869.4000     1
       10796.8432           48.0308            0.4087        36870.4000     1
       10832.9611           47.5309            0.3759        36871.4000     1
       10864.6279           46.6935            0.3309        36872.4000     1
       10824.4647           40.3820            0.0784        36874.4000     1
        9786.3544          -46.5623           -3.3723        36919.4000     2
        6013.6348         -140.5195           -2.6321        36920.4000     2
        5899.9347         -142.1231           -2.6155        36921.4000     2
        5793.4612         -143.1181           -2.5812        36922.4000     2
        5541.4907         -151.5463           -2.7318        36924.4000     2
        5156.0934         -162.9949           -2.9154        36925.4000     2
        5003.9008         -164.8202           -2.8807        36926.4000     2
        4878.3297         -163.6695           -2.7496        36927.4000     2
        4832.5654         -153.5905           -2.3277        36928.4000     2
        4821.6951         -139.6323           -1.7906        36930.4000     2
        4766.1756         -116.8560           -0.9325        36931.4000     2
        4829.7499          -97.0138           -0.2621        36933.4000     2
        4834.5072          -75.5386            0.4365        36934.4000     2
        4888.0095          -61.2144            0.8758        36935.4000     2
        4946.6694          -47.7051            1.2778        36936.4000     2
        4890.5261          -47.3713            1.2473        36937.4000     2
        4827.4358          -47.8080            1.1912        36938.4000     2
        4795.3071          -45.0703            1.2449        36939.4000     2
        4814.7140          -37.2924            1.4831        36940.4000     2
        4876.7636          -25.7260            1.8703        36942.4000     2
        4946.3165          -10.0635            2.3688        36943.4000     2
        5052.2128            3.9721            2.8769        36944.4000     2
        5163.8330           17.6929            3.3690        36945.4000     2
        5249.9337           27.9341            3.6938        36946.4000     2
        5312.5713           35.0571            3.8622        36947.4000     2
        5340.7822           37.9882            3.8149        36948.4000     2
        5304.5283           33.5701            3.3827        36949.4000     2
        5313.2117           34.0160            3.2242        36950.4000     2
        5125.8081           12.1225            1.8416        36951.4000     2
        4962.9003           -6.3499            0.6986        36952.4000     2
        4847.6605          -18.5725           -0.0413        36953.4000     2
        4772.6863          -25.4178           -0.4352        36954.4000     2
        4708.4482          -30.5817           -0.7098        36955.4000     2
        4690.7075          -29.6572           -0.6151        36956.4000     2
        4732.1732          -21.3797           -0.1040        36957.4000     2
        4733.2165          -18.6903            0.0542        36958.4000     2
        4699.3009          -20.5262           -0.0512        36959.4000     2
        4693.1703          -18.7988            0.0465        36960.4000     2
        4703.7310          -15.1642            0.2402        36961.4000     2
        4731.5758           -9.7341            0.5161        36962.4000     2
        4726.6387           -8.6757            0.5445        36963.4000     2
        4731.8939           -6.5184            0.6282        36964.4000     2
        4726.5611           -5.7885            0.6334        36965.4000     2
        4767.9057            0.2500            0.9112        36966.4000     2
        4850.5398           10.5154            1.3914        36968.4000     2
        4902.5660           16.4251            1.5504        36969.4000     2
        4931.2648           19.2334            1.6142        36970.4000     2
        4985.3734           24.5436            1.8025        36971.4000     2
        5067.5364           32.4652            2.1160        36972.4000     2
        5170.9458           42.0957            2.5037        36973.4000     2
        5305.6697           54.4098            3.0132        36974.4000     2
        5449.3639           66.8379            3.5048        36975.4000     2
        5590.3619           78.1093            3.9120        36976.4000     2
        5731.7325           88.6020            4.2581        36977.4000     2
        5899.7318          101.1626            4.6956        36978.4000     2
        6069.6677          112.9951            5.0715        36979.4000     2
        6326.6251          133.2555            5.8697        36980.4000     2
        6485.8848          141.6752            6.0077        36982.4000     2
        6870.1529          164.1935            6.6056        36983.4000     2
        7028.8380          169.7281            6.5437        36984.4000     2
        7114.6432          165.3075            5.8976        36985.4000     2
        7231.0534          164.4592            5.4931        36986.4000     2
        7344.4915          162.7620            5.0572        36987.4000     2
        7403.3159          153.2898            4.1709        36988.4000     2
        7452.9747          142.8195            3.2745        36990.4000     2
        7569.6708          125.2198            1.8201        36991.4000     2
        7625.1301          117.4173            1.2460        36992.4000     2
        7701.6697          113.0636            0.9136        36993.4000     2
        7842.8142          117.6765            1.1328        36994.4000     2
        7906.8364          111.6049            0.7062        36995.4000     2
        8001.2399          109.9888            0.5682        36996.4000     2
        8082.5531          106.7410            0.3405        36997.4000     2
        8197.7345          108.1683            0.4057        36998.4000     2
        8353.2263          114.7465            0.7770        36999.4000     2
        8384.7930          104.6193            0.1197        37000.4000     2
        8458.7516          100.7315           -0.1231        37001.4000     2
        8520.9772           95.5979           -0.4277        37002.4000     2
        8528.7611           83.7616           -1.1218        37003.4000     2
        8593.5331           80.2392           -1.2677        37004.4000     2
        8654.5833           76.5602           -1.4132        37005.4000     2
        8675.4834           68.0321           -1.8382        37006.4000     2
        8742.6890           66.2059           -1.8375        37008.4000     2
        8863.4928           61.5373           -1.8935        37009.4000     2
        8812.6829           45.9429           -2.6472        37010.4000     2
        8730.2012           27.8771           -3.4784        37011.4000     2
        8647.1774           11.2993           -4.1727        37012.4000     2
        8552.3863           -5.2388           -4.8185        37013.4000     2
        8475.1911          -18.2605           -5.2413        37014.4000     2
        8402.2135          -29.5999           -5.5519        37015.4000     2
        8353.7489          -37.0213           -5.6461        37016.4000     2
        8311.0582          -42.9956           -5.6624        37017.4000     2
        8229.2143          -52.7805           -5.8663        37018.4000     2
        8147.2029          -61.6383           -6.0132        37019.4000     2
        8066.5555          -69.4616           -6.1017        37020.4000     2
        7939.1733          -81.7375           -6.4023        37021.4000     2
        7812.5120          -92.8189           -6.6300        37023.4000     2
        7564.5131         -111.4921           -6.8904        37024.4000     2
        7427.9409         -120.7463           -7.0036        37025.4000     2
        7266.7460         -131.7682           -7.1962        37026.4000     2
        7131.5186         -138.9493           -7.1955        37027.4000     2
        6961.0942         -149.1849           -7.3434        37028.4000     2
        6787.1228         -158.8458           -7.4574        37029.4000     2
        6588.4213         -170.3037           -7.6568        37031.4000     2
        6159.0762         -193.8082           -8.0697        37033.4000     2
        5847.0714         -199.7573           -7.5568        37034.4000     2
        5758.1506         -194.5978           -6.9160        37035.4000     2
        5686.4359         -187.4142           -6.1991        37036.4000     2
        5640.2826         -177.3352           -5.3608        37038.4000     2
        5406.7388         -173.0616           -4.5820        37039.4000     2
        5320.6537         -167.4287           -4.0480        37040.4000     2
        5193.1726         -166.6148           -3.7908        37041.4000     2
        5087.6537         -162.9773           -3.3912        37042.4000     2
        4947.8916         -163.3764           -3.2279        37043.4000     2
        4878.5817         -154.8661           -2.5763        37044.4000     2
        4715.2501         -158.3364           -2.6264        37045.4000     2
        4528.6244         -164.3924           -2.8214        37046.4000     2
        4379.0432         -165.1076           -2.6999        37047.4000     2
        4241.2618         -164.0198           -2.4791        37048.4000     2
        4169.2263         -153.9974           -1.7435        37049.4000     2
        4043.2981         -151.8282           -1.5123        37050.4000     2
        3930.6393         -147.8787           -1.1866        37051.4000     2
        3859.4116         -138.3947           -0.5453        37052.4000     2
        3838.1845         -122.6220            0.4409        37053.4000     2
        3776.7335         -113.6986            0.9556        37054.4000     2
        3730.8467         -103.3172            1.5365        37055.4000     2
        3621.6724         -102.7138            1.4775        37056.4000     2
        3566.4947          -94.5466            1.9179        37057.4000     2
        3467.0370          -93.4808            1.8593        37058.4000     2
        3418.0445          -85.1330            2.3302        37059.4000     2
        3359.8318          -78.8650            2.6297        37061.4000     2
        2916.3011         -119.6897           -1.0562        37062.4000     2
        2829.1155         -115.2960           -0.6005        37063.4000     2
        2726.3574         -113.7121           -0.4142        37064.4000     2
        2668.4066         -104.2166            0.4472        37065.4000     2
        2658.8004          -86.5319            1.9512        37066.4000     2
        2682.9946          -64.1716            3.7222        37068.4000     2
        2769.6899          -18.9430            6.8707        37070.4000     2
        2902.2981           21.6539            9.0010        37071.4000     2
        2956.4944           35.3676            9.3730        37072.4000     2
        2902.9821           29.0522            8.1163        37073.4000     2
        2825.1590           18.2883            6.5579        37074.4000     2
        2792.5958           15.4066            5.7532        37075.4000     2
        2849.2582           28.0046            6.3501        37076.4000     2
        2817.0833           22.9353            5.3478        37077.4000     2
        2796.6523           19.8683            4.6026        37078.4000     2
        2870.9930           34.0920            5.4575        37079.4000     2
        3009.7934           58.2645            7.1047        37080.4000     2
        3181.8309           85.3777            8.8429        37082.4000     2
        3392.3422          106.8767            9.1583        37083.4000     2
        3558.3252          125.2461            9.9066        37084.4000     2
        3656.6701          129.8695            9.4829        37086.4000     2
        3954.9021          151.9553            9.7259        37088.4000     2
        4148.6177          151.6953            8.2574        37089.4000     2
        4273.4490          155.3109            7.9150        37091.4000     2
        4516.5798          159.0001            7.0385        37092.4000     2
        4615.8509          156.8964            6.3817        37093.4000     2
        4732.0366          156.9287            5.9241        37095.4000     2
        5080.4428          172.0367            6.1566        37096.4000     2
        5188.0682          168.5652            5.4757        37097.4000     2
        5375.6028          176.3587            5.6396        37098.4000     2
        5518.2525          176.7763            5.2709        37099.4000     2
        5620.9761          171.0438            4.4935        37101.4000     2
        5836.7851          160.8010            3.1591        37102.4000     2
        5891.1836          148.7266            2.1128        37103.4000     2
        5919.7450          133.8000            0.9483        37105.4000     2
        6141.3696          129.0765            0.5047        37106.4000     2
        6214.1300          121.8422           -0.0082        37107.4000     2
        6337.6260          122.0596            0.0067        37109.4000     2
        6447.3115          104.1391           -1.1488        37110.4000     2
        6501.0760           96.4004           -1.5695        37111.4000     2
        6520.0152           84.7241           -2.2110        37112.4000     2
        6615.9266           84.1333           -2.1086        37114.4000     2
        6805.0476           83.1612           -1.9104        37115.4000     2
        6907.9678           83.8991           -1.7519        37117.4000     2
        7141.9539           89.0236           -1.2604        37118.4000     2
        7240.9147           89.0488           -1.1890        37119.4000     0
        7322.4629           87.0309           -1.2341        37120.4000     2
        7410.1942           85.9532           -1.2257        37121.4000     2
        7481.6712           83.0963           -1.3118        37122.4000     2
        7605.3143           86.5913           -1.0616        37123.4000     2
        7726.1023           89.5430           -0.8556        37125.4000     2
        7964.0121           94.6249           -0.5190        37126.4000     2
        8122.3325          101.1617           -0.1755        37127.4000     2
        8211.3170           99.6718           -0.2386        37128.4000     2
        8280.0150           96.1163           -0.3962        37130.4000     2
        8422.2603           90.1748           -0.6355        37131.4000     2
        8468.4486           85.0290           -0.8429        37132.4000     2
        8491.1540           77.8536           -1.1326        37133.4000     2
        8561.2732           75.9920           -1.1660        37134.4000     2
        8645.9585           75.7651           -1.1230        37135.4000     2
        8712.9959           73.8178           -1.1608        37136.4000     2
        8775.8958           71.6146           -1.2086        37137.4000     2
        8816.1961           67.3090           -1.3513        37138.4000     2
        8873.0235           64.9675           -1.3972        37139.4000     2
        8887.6060           58.5456           -1.6305        37140.4000     2
        8904.3270           52.7572           -1.8245        37141.4000     2
        8884.8448           43.6818           -2.1640        37142.4000     2
        8877.4366           36.4169           -2.4038        37144.4000     2
        8820.9383           18.9637           -2.9952        37145.4000     2
        8777.1824            9.7736           -3.2840        37146.4000     2
        8683.6205           -3.7841           -3.7624        37147.4000     2
        8549.6867          -20.5250           -4.3685        37148.4000     2
        8452.6552          -32.4467           -4.7232        37149.4000     2
        8374.4864          -41.5995           -4.9325        37150.4000     2
        8235.0068          -56.3343           -5.3983        37151.4000     2
        8058.9645          -73.8482           -5.9785        37152.4000     2
        7916.8328          -86.6524           -6.3083        37153.4000     2
        7781.1155          -97.8040           -6.5441        37155.4000     2
        7541.2232         -114.1982           -6.7052        37156.4000     2
        7396.2362         -123.8099           -6.8466        37157.4000     2
        7248.0825         -132.8802           -6.9551        37158.4000     2
        7071.6835         -144.1184           -7.1656        37159.4000     2
        6870.1844         -157.0930           -7.4537        37161.4000     2
        6525.6566         -173.6825           -7.5377        37162.4000     2
        6365.7473         -179.3026           -7.4417        37163.4000     2
        6192.7307         -185.6422           -7.3861        37164.4000     2
        6019.2657         -191.2595           -7.2958        37165.4000     2
        5829.2291         -198.0045           -7.2673        37166.4000     2
        5657.0731         -201.8796           -7.0891        37167.4000     2
        5485.8399         -204.9663           -6.8759        37168.4000     2
        5315.4780         -207.3148           -6.6316        37169.4000     2
        5147.5033         -208.7956           -6.3509        37170.4000     2
        4989.2970         -208.5756           -5.9900        37171.4000     2
        4831.7495         -207.8759           -5.6191        37172.4000     2
        4684.2630         -205.5812           -5.1769        37173.4000     2
        4540.7690         -202.5561           -4.7141        37174.4000     2
        4409.4424         -197.8386           -4.1777        37176.4000     2
        4123.2336         -191.0677           -3.3183        37179.4000     2
        3747.8914         -174.8893           -1.8886        37181.4000     2
        3613.4448         -152.3737           -0.4654        37182.4000     2
        3580.4578         -138.4717            0.3196        37184.4000     2
        3444.6313         -120.5810            1.3002        37185.4000     2
        3392.6658         -110.7831            1.8002        37186.4000     2
        3291.3013         -107.8754            1.8696        37187.4000     2
        3201.9391         -103.5863            2.0335        37188.4000     2
        3138.1539          -95.8857            2.4459        37189.4000     2
        3078.3049          -88.0830            2.8572        37190.4000     2
        2940.4703          -93.5066            2.1917        37191.4000     2
        2832.9199          -93.9187            1.9716        37192.4000     2
        2746.3059          -90.8096            2.0707        37194.4000     2
        2603.7660          -80.2774            2.6242        37195.4000     2
        2590.3526          -65.6823            3.6569        37196.4000     2
        2595.1281          -49.5233            4.7332        37197.4000     2
        2592.3723          -36.6898            5.4328        37198.4000     2
        2597.2059          -24.1409            6.0517        37199.4000     2
        2621.2596           -9.7791            6.7775        37200.4000     2
        2661.2254            5.5315            7.5235        37201.4000     2
        2709.5586           20.2150            8.1474        37202.4000     2
        2748.9030           31.1144            8.3866        37203.4000     2
        2804.8875           43.2668            8.7131        37204.4000     2
        2869.6040           55.0690            8.9791        37205.4000     2
        2930.7798           64.3378            9.0038        37206.4000     2
        2976.3706           69.2127            8.6533        37207.4000     2
        3024.2612           73.3413            8.2709        37208.4000     2
        3093.6165           80.1902            8.1513        37210.4000     2
        3257.5760           94.3538            7.9783        37211.4000     2
        3337.3135           99.2707            7.7351        37212.4000     2
        3385.0529           98.0214            7.0280        37213.4000     2
        3444.3305           98.2420            6.4929        37214.4000     2
        3497.0009           96.8983            5.8767        37215.4000     2
        3571.7352           98.7487            5.5597        37216.4000     2
        3659.4550          102.0967            5.3858        37217.4000     2
        3737.0881          103.1419            5.0454        37218.4000     2
        3822.9265          105.0224            4.7979        37219.4000     2
        3920.8918          108.3143            4.6806        37220.4000     3
        4017.7505          110.8072            4.5113        37221.4000     3
        4131.8067          115.4751            4.5233        37222.4000     3
        4250.6804          120.1763            4.5369        37223.4000     3
        4373.3864          124.7537            4.5399        37224.4000     3
        4503.8826          129.8274            4.5798        37225.4000     3
        4633.2957          133.9957            4.5494        37226.4000     3
        4765.4574          137.9257            4.5040        37227.4000     3
        4889.8461          140.0706            4.3324        37228.4000     3
        5019.7663          142.5762            4.2005        37230.4000     3
        5274.9228          145.4392            3.8117        37231.4000     3
        5383.4763          143.7380            3.4300        37232.4000     3
        5490.6214          141.7800            3.0601        37233.4000     3
        5594.1756          139.2875            2.6807        37235.4000     3
        5811.4859          135.5512            2.0729        37236.4000     3
        5890.1866          129.8042            1.5556        37237.4000     3
        5980.2418          125.9106            1.1962        37239.4000     3
        6182.9097          121.4891            0.7548        37240.4000     3
        6255.4017          115.7703            0.3389        37241.4000     3
        6336.2331          111.5167            0.0443        37242.4000     3
        6419.6945          107.8822           -0.1922        37243.4000     3
        6498.4042          103.8667           -0.4385        37244.4000     3
        6582.3023          100.8204           -0.6065        37245.4000     3
        6670.6487           98.6008           -0.7100        37246.4000     3
        6756.1563           96.1995           -0.8177        37247.4000     3
        6834.7330           93.0970           -0.9613        37248.4000     3
        6917.1420           90.7842           -1.0449        37249.4000     3
        6999.9036           88.7518           -1.1049        37250.4000     3
        7082.4209           86.9049           -1.1490        37251.4000     3
        7163.8349           85.1207           -1.1860        37252.4000     3
        7243.6546           83.3341           -1.2202        37253.4000     3
        7323.7377           81.7817           -1.2387        37254.4000     3
        7408.8269           81.0299           -1.2121        37255.4000     3
        7496.3967           80.6902           -1.1656        37256.4000     3
        7582.6862           80.2672           -1.1268        37257.4000     3
        7666.6324           79.6418           -1.1010        37258.4000     3
        7747.2796           78.7217           -1.0919        37259.4000     3
        7826.3421           77.7314           -1.0869        37260.4000     3
        7899.8515           76.2292           -1.1073        37261.4000     3
        7965.9890           74.0596           -1.1589        37262.4000     3
        8031.4299           72.0162           -1.2015        37263.4000     3
        8091.6990           69.6021           -1.2595        37264.4000     3
        8147.7550           66.9515           -1.3257        37265.4000     3
        8206.6571           64.8372           -1.3631        37267.4000     3
        8308.9207           59.5390           -1.4833        37268.4000     3
        8342.0889           55.4173           -1.6056        37269.4000     3
        8366.4873           50.7272           -1.7483        37270.4000     3
        8388.5166           46.1535           -1.8791        37271.4000     3
        8401.5886           41.0188           -2.0303        37272.4000     3
        8406.7849           35.4632           -2.1948        37273.4000     3
        8402.0802           29.3036           -2.3810        37276.4000     3
        8395.0506           13.7618           -2.7699        37277.4000     3
        8350.8217            5.3882           -3.0279        37278.4000     3
        8296.2098           -3.4174           -3.2940        37279.4000     3
        8246.9215          -11.0916           -3.4969        37280.4000     3
        8184.2441          -19.5536           -3.7288        37281.4000     3
        8112.3067          -28.3596           -3.9682        37282.4000     3
        8033.8309          -37.2166           -4.2012        37283.4000     3
        7946.9566          -46.3045           -4.4365        37284.4000     3
        7858.9250          -54.8495           -4.6361        37285.4000     3
        7768.3439          -63.0011           -4.8084        37286.4000     3
        7675.4386          -70.7344           -4.9527        37288.4000     3
        7490.8136          -84.1985           -5.1279        37289.4000     3
        7377.1621          -92.2041           -5.2692        37291.4000     3
        7154.5070         -105.6905           -5.4126        37292.4000     3
        7042.9478         -111.4388           -5.4289        37293.4000     3
        6921.4462         -117.6494           -5.4670        37294.4000     3
        6790.9583         -124.1986           -5.5201        37295.4000     3
        6664.0871         -129.7093           -5.5197        37296.4000     3
        6534.1765         -134.9489           -5.5056        37298.4000     3
        6266.4846         -144.4977           -5.4316        37299.4000     3
        6140.9270         -147.5251           -5.3096        37300.4000     3
        6023.0579         -149.2207           -5.1250        37301.4000     3
        5910.8086         -149.8789           -4.8946        37302.4000     3
        5797.5589         -150.3063           -4.6618        37303.4000     3
        5664.8584         -152.6591           -4.5401        37304.4000     3
        5540.5883         -153.5945           -4.3478        37305.4000     3
        5416.2657         -154.1938           -4.1456        37306.4000     3
        5284.7362         -155.3502           -3.9828        37307.4000     3
        5162.4421         -155.0406           -3.7466        37308.4000     3
        5045.1727         -153.8760           -3.4742        37309.4000     3
        4926.6280         -152.7103           -3.2150        37310.4000     3
        4817.2269         -150.2466           -2.8953        37311.4000     3
        4715.8113         -146.7334           -2.5323        37312.4000     3
        4614.9711         -143.2114           -2.1873        37313.4000     3
        4501.7121         -141.3841           -1.9571        37315.4000     3
        4260.6903         -139.4078           -1.6199        37316.4000     3
        4125.1940         -140.4205           -1.5851        37318.4000     3
        3892.8883         -136.9713           -1.2058        37319.4000     3
        3804.9693         -131.8332           -0.8414        37320.4000     3
        3708.9598         -128.0077           -0.5700        37321.4000     3
        3618.0977         -123.6820           -0.2798        37322.4000     3
        3528.7254         -119.3698           -0.0021        37323.4000     3
        3435.7325         -115.7810            0.2193        37324.4000     3
        3329.0358         -114.3123            0.2979        37325.4000     3
        3219.4568         -113.3601            0.3402        37326.4000     3
        3100.1803         -113.9115            0.2803        37328.4000     3
        2864.2488         -114.6611            0.1863        37329.4000     3
        2773.1450         -110.8533            0.4581        37330.4000     3
        2693.0242         -105.5383            0.8420        37331.4000     3
        2612.4369         -100.6297            1.1809        37332.4000     3
        2536.1217          -95.3377            1.5398        37333.4000     3
        2478.0451          -87.1887            2.1386        37334.4000     3
        2430.6258          -77.7734            2.8140        37335.4000     3
        2382.7322          -69.4562            3.3315        37336.4000     3
        2345.1007          -60.1927            3.8917        37337.4000     3
        2317.0713          -50.2981            4.4585        37338.4000     3
        2311.7465          -37.3211            5.2600        37339.4000     3
        2313.0745          -24.8907            5.9315        37340.4000     3
        2313.0094          -14.6323            6.3342        37341.4000     3
        2319.4051           -4.7998            6.6568        37342.4000     3
        2336.9361            5.5412            6.9942        37343.4000     3
        2362.9740           15.8024            7.2920        37344.4000     3
        2404.0831           27.2110            7.6647        37345.4000     3
        2448.8546           37.4572            7.8969        37346.4000     3
        2495.1193           46.2594            7.9780        37347.4000     3
        2553.2780           55.6953            8.1075        37348.4000     3
        2629.9138           66.8762            8.3779        37349.4000     3
        2709.2888           76.7475            8.5080        37350.4000     3
        2786.8309           84.6411            8.4550        37351.4000     3
        2880.9906           94.0260            8.5346        37353.4000     3
        3081.9140          110.3877            8.4765        37354.4000     3
        3187.3044          117.3399            8.3534        37355.4000     3
        3296.6269          123.7065            8.1943        37356.4000     3
        3414.7337          130.3364            8.0699        37357.4000     3
        3535.9548          136.2980            7.9028        37358.4000     3
        3675.3402          144.0632            7.8920        37360.4000     3
        3948.6475          155.1015            7.5290        37361.4000     3
        4071.1313          157.0729            7.1103        37362.4000     3
        4068.0280          139.3758            5.2545        37363.4000     3
        4176.9141          115.5583            1.0768        37364.4000     3
        4286.8237          112.5296            0.4715        37365.4000     3
        4392.1090          108.9448           -0.2342        37366.4000     3
        4500.9455          108.7151           -0.2332        37367.4000     3
        4626.1121          116.9189            1.7365        37368.4000     3
        4739.3735          116.3918            1.2142        37369.4000     3
