      302.7813448      -104.9519105       164.0451568     36620.4000000     1
      197.8294343        59.0932463        96.4262288     36621.4000000     1
      420.9678373        87.9005472       -89.5809186     36622.4000000     1
      373.6305286      -120.0685909       240.7459912     36623.4000000     1
      180.8306554       569.3925296        90.4479728     36624.4000000     1
     1512.4155879        60.8273547      -377.2409732     36625.4000000     1
      363.3127194      -562.3303899       -16.1337146     36627.4000000     1
     -174.5755817        12.4262108       291.9705293     36628.4000000     1
      388.1651410        21.6106688        66.9531844     36629.4000000     1
     -131.3542440       146.3325795       204.0184191     36630.4000000     1
      680.8303001       429.6475071      -162.1715165     36631.4000000     1
      727.9407701      -178.0104534      -122.3089595     36632.4000000     1
      324.8093933       185.0295880       141.6196215     36633.4000000     1
     1097.9999461       105.2287895      -237.4058906     36634.4000000     1
      535.2669724      -289.7821932       -87.3488142     36635.4000000     1
      518.4355597       -69.4688388        40.4959317     36636.4000000     1
      396.3292947      -208.7903298        32.8926387     36637.4000000     1
      100.8549002        -3.6835614        86.2267594     36638.4000000     1
      388.9621720       -36.3368109         4.6709721     36639.4000000     1
       28.1812785         5.6583829        47.3410476     36640.4000000     1
      411.5957034       153.0273795       -19.1675213     36643.4000000     1
      640.2907966       -71.0117023      -163.5655663     36644.4000000     1
      269.5722988      -174.1037530       124.3433151     36645.4000000     1
      292.0832907       177.6749278       125.8067298     36646.4000000     1
      624.9221545        77.5097067      -114.7702481     36647.4000000     1
      447.1027040       -51.8655683       -32.7222386     36648.4000000     1
      469.3254495       -20.6570090        63.9982015     36650.4000000     1
      385.1316770       140.1290362        36.4799613     36651.4000000     1
      889.7125582        88.7828748      -110.6638639     36653.4000000     1
      651.4803015      -191.8625554        14.1340331     36654.4000000     1
      505.9874475       117.0509410       -45.0799428     36655.4000000     1
      885.5821835      -282.0224409       -69.2053852     36656.4000000     1
      -58.0574343       -21.3598295       367.6838664     36657.4000000     1
      842.8625245       453.3452919        37.7824298     36658.4000000     1
      848.6331494        54.2050302      -218.6518007     36659.4000000     1
      951.2725849        16.0416904      -396.4892942     36660.4000000     1
      880.7165301      -738.7735581      -103.2957803     36661.4000000     1
     -526.2745314      -190.5498702       703.4880899     36662.4000000     1
      499.6167897       668.2026216       169.3529855     36663.4000000     1
      810.1307118       148.1561008      -434.7202541     36664.4000000     1
      795.9289912      -201.2378866      -282.6826605     36665.4000000     1
      407.6549385      -417.2092203        14.6796323     36666.4000000     1
      -38.4894493      -171.8786220       364.6596829     36667.4000000     1
       63.8976945       312.1101456       -23.4694406     36668.4000000     1
      585.7308419      -218.8175031      -268.9248788     36669.4000000     1
     -373.7373117      -225.7396121       216.4510635     36670.4000000     1
      -91.4879943       430.5356874       152.8632745     36672.4000000     1
      917.8697505       232.8502115      -171.5687338     36673.4000000     1
      374.2124287        87.3982198       -82.0527418     36674.4000000     1
     1092.6661901        68.7447278      -372.3962613     36675.4000000     1
      511.7018843      -657.3943027        -2.4635004     36676.4000000     1
     -222.1224154        63.8177270       292.5731844     36677.4000000     1
      703.1550653       220.3252504       -54.7204863     36679.4000000     1
      438.8533360      -100.3437319      -130.3367403     36680.4000000     1
      402.1238697      -170.6849705        69.5581164     36682.4000000     1
      -73.2015755       108.3306174        49.5149009     36683.4000000     1
      618.7851044       -71.6551688      -118.1668597     36684.4000000     1
     -216.5119130      -128.0031021       298.7695640     36685.4000000     1
      362.7789003       525.8839592        37.3265747     36686.4000000     1
      835.2560054       -53.3499527      -443.1848472     36687.4000000     1
      256.0789949      -360.4857353        63.9246914     36688.4000000     1
      114.2845348        74.4994301       121.4612890     36689.4000000     1
      405.0778552      -117.5631573        75.9720178     36690.4000000     1
     -120.8417797       226.4434657       305.5267607     36691.4000000     1
      857.9647867       493.4903642      -209.9978810     36692.4000000     1
      866.1389486      -193.5522963      -391.7704933     36693.4000000     1
      470.8601940      -290.0506223        80.9234888     36694.4000000     1
      286.0377039       -31.7053187       338.1153199     36695.4000000     1
      407.4495565       386.1800175        55.0188436     36696.4000000     1
     1058.3977389        78.3323686      -572.9374771     36697.4000000     1
      564.1142937      -759.6949367        42.1410961     36698.4000000     1
     -460.9921345       162.6145607       480.6943877     36699.4000000     1
      889.3434151       201.6938387      -225.8167568     36700.4000000     1
      -57.6044572      -289.0189528       -13.5344665     36701.4000000     1
      311.3055095       174.6249057       138.3822701     36702.4000000     1
      291.6453541       -12.2544127      -176.6677313     36703.4000000     1
      286.7966842      -178.7105569       -91.5046955     36704.4000000     1
      -65.7757597      -195.2638037       123.0037536     36705.4000000     1
     -103.7309233        67.2969502       159.5622709     36706.4000000     1
       68.8181408       123.8607380        70.2126370     36707.4000000     1
      143.9905526       207.7222241       -78.4708558     36708.4000000     1
      484.2625890       -33.0809736       -70.1244830     36709.4000000     1
       44.7476318        -2.6512248        31.7985629     36711.4000000     1
      476.3089146        62.3147150       -29.7580224     36712.4000000     1
      169.3770618       -62.1672696       -66.2327933     36713.4000000     1
      351.9743754       -70.1508717        82.6980197     36714.4000000     1
       29.0753184       103.2287698       115.1857932     36715.4000000     1
      558.4319151       160.2207147       120.1599684     36716.4000000     1
      349.5167478       343.5487067      -205.1759897     36717.4000000     1
     1245.5293284      -250.1312647      -374.4726959     36718.4000000     1
     -150.7457816      -405.3966851       332.5247166     36719.4000000     1
      434.7359583       414.9181685        -9.4145865     36720.4000000     1
      679.0905554      -424.2258580      -322.5510534     36721.4000000     1
     -413.7157576      -230.1839384       383.3610580     36722.4000000     1
      218.7226786       342.4962580         3.2502311     36723.4000000     1
      271.2767585      -223.6834762      -188.1964983     36724.4000000     1
     -228.6442737       -33.8967385       202.4409078     36725.4000000     1
      203.4832815       181.1983395       -45.9035575     36726.4000000     1
      133.7524053      -125.7038534       -94.6193405     36727.4000000     1
      -47.9244254        -8.0403415        94.0978604     36728.4000000     1
      117.6717222        62.4918674       127.8587929     36729.4000000     1
       77.0593094       247.6772442       101.6522526     36730.4000000     1
      613.0262107       265.7963726      -145.8061235     36731.4000000     1
      608.6520545       -43.9350028       -86.6929009     36732.4000000     1
      525.1562051        92.4105708      -149.4572634     36733.4000000     1
      793.4731961      -342.8495296      -146.1183333     36734.4000000     1
     -160.5428540      -199.8260959       136.8473669     36735.4000000     1
      393.8210044       -69.1547957        71.8873459     36736.4000000     1
     -298.8524455       -56.0514040       122.7729271     36737.4000000     1
      281.7181964       176.3910584       110.5678953     36738.4000000     1
       53.9296714       165.0843866        78.6359419     36739.4000000     1
      611.8869696       333.6629422       -31.6065084     36740.4000000     1
      721.2555559       101.8713699      -313.4165379     36741.4000000     1
      815.6297094      -293.1701335       -47.7485867     36742.4000000     1
      134.9152889         6.3741964       246.5541564     36743.4000000     1
      828.3781023       199.9381793      -106.4492679     36744.4000000     1
      534.7916475      -206.5243394      -122.9120103     36745.4000000     1
      415.3294234       -45.8858413       167.5371009     36746.4000000     1
      443.0199648       128.5498623         9.3044679     36747.4000000     1
      800.9790102       -17.9724377      -125.4821528     36749.4000000     1
      389.1026517      -247.8965960      -187.5031342     36750.4000000     1
      305.1858182      -392.9787060       -13.9538804     36751.4000000     1
     -396.8547603      -275.8043568       464.2400426     36752.4000000     1
     -246.4228954       535.5013791       161.9503328     36753.4000000     1
      674.1479978        48.0963089      -376.2685201     36754.4000000     1
     -150.2302777      -217.0356612        93.2741094     36755.4000000     1
      240.0766755       234.6445277       103.3817876     36756.4000000     1
      319.0587777       -10.2720859       -81.4341479     36757.4000000     1
      219.5325037        71.7762319       114.4652337     36758.4000000     1
      462.6112415       218.6583814       186.8761367     36759.4000000     1
      656.8492666       445.5285054      -287.4270836     36760.4000000     1
     1353.6682522      -356.1957858      -402.3753062     36761.4000000     1
      -55.5423050      -359.2221070       285.0200901     36762.4000000     1
      635.2240381       213.8443943       137.2204039     36763.4000000     1
      372.1464836       -84.7812992      -199.9202350     36764.4000000     1
      465.6614397      -185.9960756        84.1535173     36765.4000000     1
        0.1543324        83.5257354       303.2381415     36766.4000000     1
      632.7129104       420.4802074       -28.9901838     36767.4000000     1
      841.1147472        25.5453678      -229.9320520     36768.4000000     1
      709.3490137      -269.3159486       -74.6551618     36770.4000000     1
       33.1669013      -198.4201176       231.2261559     36771.4000000     1
      312.5087786       193.1363631       144.9013349     36772.4000000     1
      419.4396275        91.3825522       -99.1350932     36773.4000000     1
      586.6564352      -104.2689166       -64.4188990     36775.4000000     1
      106.6328777      -101.8741447        32.1707837     36776.4000000     1
      382.9081458       -39.9273492        34.5685439     36777.4000000     1
       26.7781793       -32.7370569        57.7278985     36778.4000000     1
      317.4340319        75.5284477        41.6609126     36779.4000000     1
      253.3635224        92.2456809       138.0963442     36781.4000000     1
      594.1710747       489.8174803      -144.2998168     36782.4000000     1
     1232.9984830      -196.3539526      -636.9613753     36783.4000000     1
      201.4631694      -784.1052704       204.1132420     36784.4000000     1
     -335.2120577       211.8725314       662.8196964     36785.4000000     1
      625.2082321       541.5341225       -91.6885614     36786.4000000     1
      747.8561872        28.4954085      -504.2448473     36787.4000000     1
      682.1990491      -466.9555721         0.8803461     36788.4000000     1
     -186.0549571        30.2561008       260.0125042     36789.4000000     1
      742.7112507        53.0694364      -172.5901734     36790.4000000     1
      -79.9160843      -314.9242461       168.5347368     36791.4000000     1
      112.8627585       390.1389099       271.9167986     36792.4000000     1
      700.3617355       228.9093511       -55.5959712     36793.4000000     1
      570.6814608       278.9469675      -207.2236188     36794.4000000     1
     1258.2556706      -185.5378864      -391.6066745     36795.4000000     1
      199.6056880      -504.2663814       -45.4473509     36796.4000000     1
      249.7229077      -276.4325883       334.8305455     36797.4000000     1
     -353.2594886       165.3947095       295.6856111     36798.4000000     1
      580.5123267       314.9386338      -318.8407680     36799.4000000     1
      276.6177791      -472.2868266       -65.7309545     36800.4000000     1
     -364.0613264       183.4767248       405.4325642     36801.4000000     1
      643.5712287       338.5783018      -104.0788873     36802.4000000     1
      313.0952771       -24.6810498      -341.0235850     36803.4000000     1
      594.2091290      -343.4688683       -81.0693113     36804.4000000     1
     -373.8424595      -186.8196725       327.2290018     36805.4000000     1
      220.5697840       310.9891353        54.4829627     36806.4000000     1
      248.1358112       -77.8537470      -353.2022232     36807.4000000     1
       64.8622899      -395.4153110       122.3567903     36808.4000000     1
     -542.6948108       166.8598336       324.2289576     36809.4000000     1
      398.5819571       253.0426042      -186.3284085     36810.4000000     1
      -36.6096025      -205.7969835       -80.0770937     36811.4000000     1
      -13.0120099        92.8884168        43.5323263     36812.4000000     1
      149.1672312      -118.7323309       105.7613247     36813.4000000     1
     -250.4766718       304.4110661       267.6413253     36814.4000000     1
      757.9893634       416.5503196      -357.6010350     36815.4000000     1
      582.6239673      -410.7910039      -182.2466714     36816.4000000     1
     -474.3836482      -130.1896948       193.7881879     36818.4000000     1
      192.0548831       170.5735598       151.5143256     36819.4000000     1
     -133.2365286       172.8389565        49.1757934     36820.4000000     1
      537.7327961       268.9251466      -152.3706745     36821.4000000     1
      404.6137646      -131.9023926      -173.1045320     36822.4000000     1
      273.9280109       -77.2839174       -59.8238115     36823.4000000     1
      250.0459298      -251.5500155       255.7477906     36824.4000000     1
     -229.1720201       434.2116637       324.6867068     36825.4000000     1
     1118.4692573       397.8233980      -349.8070055     36826.4000000     1
      566.4747760      -265.4023473      -115.5191829     36827.4000000     1
      587.6645628       166.7850323       287.9602873     36828.4000000     1
      900.0448406       310.5182273       -41.5301643     36829.4000000     1
     1208.7010173        83.7247038      -277.9338585     36830.4000000     1
     1067.4942481      -245.3494898      -268.6626437     36831.4000000     1
      718.0020377      -453.6005837       -79.2114113     36832.4000000     1
      160.2930806      -403.7723125       150.3172420     36833.4000000     1
      -89.5425873      -152.9660997       225.1171283     36834.4000000     1
     -145.6391188        46.4619442       148.1819883     36835.4000000     1
       49.8432454       291.5798651         5.7596904     36837.4000000     1
      729.1004766        63.7410155      -112.4738470     36838.4000000     1
      177.3252764        66.6321711        50.8673454     36839.4000000     1
      862.3648188       165.4757064       -74.6177551     36840.4000000     1
      508.2766891       -82.6033391       -58.2880893     36841.4000000     1
      614.5548015        -9.3885615       -46.9079667     36843.4000000     1
      480.1110046      -223.3272392       165.5503750     36844.4000000     1
      167.9003230       321.7121886       283.8071067     36845.4000000     1
     1123.5353818       344.2869742      -396.6813199     36846.4000000     1
      856.4742714      -471.6504512      -413.5431454     36847.4000000     1
      180.2344794      -482.7993167       241.5266996     36848.4000000     1
     -109.1243620        11.4029480       560.9981983     36849.4000000     1
      203.0403755       639.1970798        53.3652259     36850.4000000     1
     1169.2697976       118.1333999      -560.4823374     36851.4000000     1
      439.3071752      -481.7675950       201.3287694     36852.4000000     1
      205.7346076       520.7909387       424.2857669     36853.4000000     1
     1480.8890527       366.8039388      -429.0607538     36854.4000000     1
      939.3424851      -337.3305688       -49.9032937     36855.4000000     1
      468.8973464       217.0940577        33.2378681     36857.4000000     1
     1590.6246581      -237.6169644      -179.0407760     36858.4000000     1
       -6.3365824      -140.9874943       348.9283461     36859.4000000     1
     1308.6496695       460.2397279      -205.5134626     36860.4000000     1
      914.1428733      -552.0144196      -293.8545972     36861.4000000     1
      204.6208304      -127.4694666       429.2981035     36862.4000000     1
      659.2039401       306.5817874        -1.4423194     36863.4000000     1
      817.7844052      -130.3541054      -324.1269209     36864.4000000     1
      398.4957293      -341.6720544       -42.2578550     36865.4000000     1
      134.4402963      -214.8698154       409.9048146     36866.4000000     1
      -31.2439014       478.1375748       -74.5663036     36867.4000000     1
     1090.7154459      -364.0024225      -567.1166369     36868.4000000     1
     -759.2487463      -656.0956989       526.4010987     36869.4000000     1
     -221.4759519       688.7997749       610.0087641     36870.4000000     1
      618.3508035       563.9218293      -389.8914329     36871.4000000     1
      906.3677066       -90.9830910      -195.2251374     36872.4000000     1
      345.4015306       -21.7535828         1.7858100     36874.4000000     1
     -116.0506833        -7.0500194         8.6850633     36919.4000000     2
       21.1006392       377.7593300        72.7868026     36920.4000000     2
      639.4679766       138.5235858      -284.5640426     36921.4000000     2
      298.1478109      -191.3687553       -13.3952196     36922.4000000     2
       65.3617106        98.3379271        72.7132393     36924.4000000     2
      593.1615921        26.7709626      -138.5685215     36925.4000000     2
      118.9036359      -178.7991158        58.8206828     36926.4000000     2
      235.5633604       144.4123282        95.2857606     36927.4000000     2
      407.7282923        11.7724053       -38.7998149     36928.4000000     2
      270.8805764        28.0128836        60.5040898     36930.4000000     2
      491.7669432       193.2846748       -54.0820862     36931.4000000     2
      850.7346008      -134.2333751      -134.2383809     36933.4000000     2
       89.0668180      -209.4304680       121.8667613     36934.4000000     2
      431.8736649       109.5001475        44.2774350     36935.4000000     2
      308.0671129      -120.8755980      -122.3141402     36936.4000000     2
      190.1224689      -135.1281329        97.7115895     36937.4000000     2
       37.8108472        74.5475811       138.4319998     36938.4000000     2
      339.2176310       141.7358667        15.2816406     36939.4000000     2
      321.2825807       105.1108623       -37.4405890     36940.4000000     2
      654.5502179        29.4140996       -67.2762625     36942.4000000     2
      409.5248796       -96.7179251      -104.9994562     36943.4000000     2
      461.1143678      -180.5848129       -17.3025642     36944.4000000     2
       48.3552538      -131.3230534       303.6368932     36945.4000000     2
      198.4682609       426.6889735       171.7332966     36946.4000000     2
      901.7332008       212.1435397      -306.7416962     36947.4000000     2
      622.7553403      -186.7944189      -215.2508970     36948.4000000     2
      528.1443630      -218.3582544        56.2405104     36949.4000000     2
      186.0388316       -74.3133982        97.6430655     36950.4000000     2
      379.5175666       -23.0721233        78.3453757     36951.4000000     2
      139.8945850        82.3773533        -6.0607803     36952.4000000     2
      544.2722731       -35.1936838      -165.8475267     36953.4000000     2
       69.5072173      -249.3177001       174.6406325     36954.4000000     2
       45.6368729       314.0875812       114.4545234     36955.4000000     2
      697.6823796       -20.4086534      -145.6165162     36956.4000000     2
        4.8195661        22.8545487       112.9632984     36957.4000000     2
      743.3914771       205.5179434       -48.7660709     36958.4000000     2
      415.8554529       -74.6775932      -126.2330323     36959.4000000     2
      594.0362907       -46.9481213       187.0968132     36960.4000000     2
      321.9592103       299.5160332       241.1701337     36961.4000000     2
     1193.0683571       435.3921462      -477.8447271     36962.4000000     2
     1192.7435026      -656.1734210      -322.0446995     36963.4000000     2
     -119.2784850      -208.6972528       488.8775106     36964.4000000     2
      775.3489970       321.5816001        -0.7067212     36965.4000000     2
      523.8847152      -210.1106952      -129.1139618     36966.4000000     2
      145.0169115       -65.7602854        93.3240797     36968.4000000     2
      326.6038589        69.8615438        87.7169268     36969.4000000     2
      284.7399991       109.6735682      -117.8316176     36970.4000000     2
      545.9509953      -165.8016914      -195.9123659     36971.4000000     2
      -46.8633837      -282.1511635       172.3267535     36972.4000000     2
      -18.3513317       178.8518156       257.0301863     36973.4000000     2
      310.8402474       231.9092090        50.3059804     36974.4000000     2
      445.4670863       279.4637763      -155.7541818     36975.4000000     2
      869.7678000       -79.5991546      -304.2087264     36976.4000000     2
      286.2687770      -328.9536764        62.1204988     36977.4000000     2
      211.8604472        44.6418430       228.9267082     36978.4000000     2
      375.5524630       128.8997400       -45.3937784     36979.4000000     2
      469.6599273       -46.1457139       -68.5579935     36980.4000000     2
      237.1153214       -76.7742404        -7.4322160     36982.4000000     2
      239.3372062       -68.4423619       259.7962014     36983.4000000     2
      100.2305975       442.8181624        72.8368494     36984.4000000     2
     1124.9735310        77.2313370      -360.8547883     36985.4000000     2
      254.6932715      -278.8914143        67.0029639     36986.4000000     2
      567.1907025       211.2372648       120.5602340     36987.4000000     2
      677.1678011       -37.7709463      -103.8245913     36988.4000000     2
      453.8778636      -100.2365092        40.8433213     36990.4000000     2
      376.4582736        84.7590176         8.4512548     36991.4000000     2
      623.3958988       -83.3339996      -100.7844068     36992.4000000     2
      209.7902744      -116.8097960       118.3801133     36993.4000000     2
      389.7763068       153.4262270        64.1026373     36994.4000000     2
      516.6427284        11.3954786        21.8699252     36995.4000000     2
      412.5672640       197.1660775       -68.7658932     36996.4000000     2
      910.9748833      -126.1363079      -366.2625299     36997.4000000     2
      160.2946483      -535.3589824       -74.4071265     36998.4000000     2
     -159.7430814      -274.9505609       425.1685293     36999.4000000     2
     -389.6064735       314.9780761       185.7139829     37000.4000000     2
      470.2130708        96.4774049      -175.6568778     37001.4000000     2
     -196.6516637       -36.3356794       201.5501165     37002.4000000     2
      397.5417121       499.5776379        15.5044336     37003.4000000     2
      802.5036120        -5.3268122      -202.9103398     37004.4000000     2
      386.8880878        93.7569583        -4.8564056     37005.4000000     2
      990.0175287       -15.0396233       -75.3949464     37006.4000000     2
      341.7692178      -132.4278808        18.2550258     37008.4000000     2
      592.7338863        39.7254542        -6.8197461     37009.4000000     2
      421.2201263      -146.0673730        -5.0443101     37010.4000000     2
      300.5991403        29.6368341       232.0469370     37011.4000000     2
      480.4937944       318.0265010       -90.2154243     37012.4000000     2
      936.6521423      -150.7940146      -357.4620654     37013.4000000     2
      178.9057651      -396.8976299         1.1935865     37014.4000000     2
      142.8568825      -148.4068416       221.4358872     37015.4000000     2
     -117.9079180        45.9741445       109.9666167     37016.4000000     2
      234.8051715        71.5263918      -116.5250971     37017.4000000     2
       25.1448656      -187.0760496       -18.0721422     37018.4000000     2
     -139.3469277        35.3821075       368.1023248     37019.4000000     2
       95.9090806       549.1286001        25.5713508     37020.4000000     2
      958.9102724        86.5248090      -295.3018246     37021.4000000     2
      355.4835077      -336.7768739       -11.0999458     37023.4000000     2
      -51.4203491        53.2249716       304.2862677     37024.4000000     2
      461.9334509       271.7956616        -1.6447441     37025.4000000     2
      492.1709740        49.9354833       -43.3931801     37026.4000000     2
      561.8044174       185.0093014         2.1569421     37027.4000000     2
      862.1895768        54.2493674      -184.1057776     37028.4000000     2
      670.3031522      -183.2022537       -58.4784295     37029.4000000     2
      312.5828155      -121.1859211        42.9349140     37031.4000000     2
      185.5594678       -11.4625979        34.9935140     37033.4000000     2
      278.1950219       -16.2053791       299.0237317     37034.4000000     2
      153.1487095       586.5848655         8.9521167     37035.4000000     2
     1451.3647529         1.6988543      -315.2499567     37036.4000000     2
      158.2452725      -359.1650045        88.7365966     37038.4000000     2
      373.8697395       267.9086440       216.6414726     37039.4000000     2
      694.0625606        74.1179408      -380.3231058     37040.4000000     2
      522.1056212      -492.7375676      -100.1105980     37041.4000000     2
     -291.4125745      -126.1032552       411.9009105     37042.4000000     2
      269.8991107       331.0642534        52.3943523     37043.4000000     2
      370.7159323       -21.3145507       -98.2555146     37044.4000000     2
      227.2700093       134.5532243        80.3866909     37045.4000000     2
      639.8223808       139.4588312      -165.4583098     37046.4000000     2
      506.1876716      -196.3633953       -16.9898062     37047.4000000     2
      247.0955902       105.4792187        53.5979460     37048.4000000     2
      717.1461089       -89.1675033      -161.5698073     37049.4000000     2
       68.7605836      -217.6603959        96.5966977     37050.4000000     2
      281.8253172       104.0258921       167.5714588     37051.4000000     2
      276.8123678       117.4825218      -100.7758705     37052.4000000     2
      516.7903608       -97.5258488      -102.5770877     37053.4000000     2
       81.7606702       -87.6716537       199.6738411     37054.4000000     2
      341.4470534       301.8218333        82.9180494     37055.4000000     2
      685.4043368        78.1644452      -216.2866817     37056.4000000     2
      497.7759438      -130.7515302       -50.9227959     37057.4000000     2
      423.9012765       -23.6811467        55.1822346     37058.4000000     2
      450.4136503       -20.3870610       -49.2998918     37059.4000000     2
      362.7400935      -171.5808220        27.5971393     37061.4000000     2
      -64.3288158        62.4043569       259.6727352     37062.4000000     2
      487.5488074       347.7646483       -50.7639544     37063.4000000     2
      631.2004808       -39.1235519      -252.1875966     37064.4000000     2
      409.3017035      -156.6105449        79.3135769     37065.4000000     2
      317.9793910       119.5036019        74.1942418     37066.4000000     2
      767.8125092        65.9721806       -65.1789906     37068.4000000     2
      581.8681134      -141.2123604       -79.9443674     37070.4000000     2
      344.1754280      -173.8609216       -31.4774738     37071.4000000     2
      234.1462701      -204.1673080       117.0446856     37072.4000000     2
      -64.1591881        60.2284496       234.2622585     37073.4000000     2
      354.6031693       264.3572090         9.5248813     37074.4000000     2
      464.5552298        79.2782122      -254.5142786     37075.4000000     2
      513.1595936      -244.6713483      -180.2160725     37076.4000000     2
      -24.7874668      -281.1539328       218.5233386     37077.4000000     2
      -49.1482721       192.3753289       246.4979062     37078.4000000     2
      359.9631909       211.8418795       -15.9429485     37079.4000000     2
      374.5354869       160.4894319       -90.3846221     37080.4000000     2
      841.4314867       -59.3119868      -148.2459950     37082.4000000     2
      196.5995265      -284.2485532       -75.8667600     37083.4000000     2
      272.9343804      -211.0455068        86.9048309     37084.4000000     2
     -436.5369938       -23.5340604        94.6064811     37086.4000000     2
      178.7981388       167.3804178        38.7236761     37088.4000000     2
       65.6042595        92.6369678        46.6160023     37089.4000000     2
      456.7090421       307.2284248       -72.6174239     37091.4000000     2
      987.2895338      -125.2153040      -247.5614213     37092.4000000     2
      206.2784341      -187.8944177        35.8532219     37093.4000000     2
      423.6062806       -17.6556382       -39.4103507     37095.4000000     2
      153.3115195      -306.1254698         2.8507985     37096.4000000     2
     -188.6446590       -11.9540411       159.4869196     37097.4000000     2
      129.4034373        12.8483694         0.1355771     37098.4000000     2
     -162.9479201       -11.6828869        81.0664975     37099.4000000     2
       94.3547766       256.0478621        39.9474679     37101.4000000     2
      605.1956662       108.1595168      -142.2879571     37102.4000000     2
      310.6738102       -28.5280521       -94.2523885     37103.4000000     2
      519.6115098      -174.5976486      -137.1259015     37105.4000000     2
     -213.1191357      -439.9057567       144.7323796     37106.4000000     2
     -360.2000036       114.8671105       198.9884760     37107.4000000     2
      131.4821957       157.0596712      -107.5269541     37109.4000000     2
      110.9790099      -207.7137518        36.8225189     37110.4000000     2
     -283.9453079       230.7047089       184.7539279     37111.4000000     2
      572.3884278       161.7941041       -99.5332059     37112.4000000     2
      201.4370042       -67.8949087       -62.6750930     37114.4000000     2
      368.7037016       -26.2311748        11.7953222     37115.4000000     2
      122.7434798       -32.5089420       -11.2500980     37117.4000000     2
      271.1768755       -59.9814689       -11.2710618     37118.4000000     2
        2.7805420       -55.0510656        85.5181360     37119.4000000     0
      161.0747443       111.0548032       -17.5166350     37120.4000000     2
      224.8901485       -90.0843357        -0.5860026     37121.4000000     2
      -19.0939271       109.8827980       134.1549212     37122.4000000     2
      444.6557444       178.2255067       -41.2173485     37123.4000000     2
      515.5825931       -13.7692475       -49.7611722     37125.4000000     2
      403.3480018        28.9419900       -44.6033635     37126.4000000     2
      573.4665732      -102.9759745       -16.1889492     37127.4000000     2
      197.3960528        -3.4359084       134.3457997     37128.4000000     2
      563.1588481       300.0614245       -26.8669235     37130.4000000     2
     1097.5803263       -84.0366788      -325.0383489     37131.4000000     2
      395.0854906      -350.0152734       -60.6087085     37132.4000000     2
      397.5497795      -205.2540957       183.8151815     37133.4000000     2
      -15.4227009        17.6150897       140.6144252     37134.4000000     2
      432.7799589        75.9747546        11.2473191     37135.4000000     2
      136.5268082        40.1097280        77.0770759     37136.4000000     2
      512.9994149       230.1289064       -69.1064243     37137.4000000     2
      596.7846209       -98.1031206      -160.3976769     37138.4000000     2
      316.7931737       -90.6664474        71.9713405     37139.4000000     2
      415.4517261        45.8395604        81.1371486     37140.4000000     2
      408.4722945        71.6078498        -0.8369749     37141.4000000     2
      558.6674257        44.1656105       -19.1145200     37142.4000000     2
      540.9691261        14.2642896       -71.1347462     37144.4000000     2
      601.4602946      -169.2386280       -60.8668732     37145.4000000     2
      202.4918701      -107.4694567       188.7724416     37146.4000000     2
      386.5213812       208.3062553        62.5280002     37147.4000000     2
      619.1043807        17.5865436      -161.0332336     37148.4000000     2
      421.6944684      -113.7602119       -15.4646970     37149.4000000     2
      391.5839568       -13.3428504        47.6448620     37150.4000000     2
      395.0087676       -18.4704880       -35.4080787     37151.4000000     2
      354.6429809       -84.1590079        58.6915500     37152.4000000     2
      226.6907518        98.9126120        28.7610787     37153.4000000     2
      651.3808168         2.1242281       -56.4070980     37155.4000000     2
      233.0634362       -70.3086821        95.9390956     37156.4000000     2
      510.7634527       194.0024193       -33.9586304     37157.4000000     2
      621.0682748      -138.2259429      -104.6403729     37158.4000000     2
      234.3115670       -15.2783265        76.6823437     37159.4000000     2
      575.2332955        91.8210881        91.6877609     37161.4000000     2
      509.7748314       259.7849564      -121.3418957     37162.4000000     2
     1094.8032082      -150.8627033      -239.2574990     37163.4000000     2
      208.0494248      -218.7300416        58.7859849     37164.4000000     2
      657.3431250       -33.2907336        93.5368402     37165.4000000     2
      141.4679576       -31.6563612       108.8093021     37166.4000000     2
      594.0304027       184.3278707         3.9696121     37167.4000000     2
      510.1236989       -23.7171369      -107.9388585     37168.4000000     2
      546.5961288       -31.5498464       118.7794950     37169.4000000     2
      447.0240060       213.8418531        23.5763364     37170.4000000     2
      974.2798350        15.6028263      -274.4909112     37171.4000000     2
      478.2296586      -335.1399693        66.3901642     37172.4000000     2
      303.9998965       148.3831547       173.9512347     37173.4000000     2
      774.9959680        12.7625002       -77.7292774     37174.4000000     2
      342.2873969       -84.8046774        -3.7633018     37176.4000000     2
      350.9725810        -6.0540091        12.5160513     37179.4000000     2
      312.0173515       -22.2244208        46.2238054     37181.4000000     2
      284.2993184       132.6174072        37.8123262     37182.4000000     2
      709.8695732        91.2125578       -87.5685910     37184.4000000     2
      557.9369919      -130.0883656       -71.5954090     37185.4000000     2
      449.6928420       -51.9782603       -20.4342856     37186.4000000     2
      453.9804713      -170.9569368       -97.8495897     37187.4000000     2
      107.7789684      -247.6774396        81.2818521     37188.4000000     2
      -41.3744078        -8.3932326       192.7329492     37189.4000000     2
       90.9925032       137.7884589         6.4537200     37190.4000000     2
      234.2025100         4.5142075       -72.3118261     37191.4000000     2
      100.0209182        -6.8351934        35.9374389     37192.4000000     2
      213.6969299       112.3265243        25.7670071     37194.4000000     2
      437.0004911        70.4658279       -82.5854753     37195.4000000     2
      354.6285856       -52.8444263        22.0347919     37196.4000000     2
      331.3116385       114.5354116        73.8846648     37197.4000000     2
      583.6994089        94.9249033      -194.3916957     37198.4000000     2
      521.1614451      -274.2479797      -123.2162382     37199.4000000     2
       35.2034495      -151.5075732       312.2416438     37200.4000000     2
      218.1462987       350.2353079        71.7770581     37201.4000000     2
      735.6740652        -7.9534570      -197.5416703     37202.4000000     2
      202.2393847       -44.8480328        61.7612585     37203.4000000     2
      645.9779997       115.5690601       -40.0225641     37204.4000000     2
      433.3775049      -124.8931611      -116.6560142     37205.4000000     2
      396.1916775      -117.7429683       102.0658752     37206.4000000     2
      197.8915683        79.2385893        71.7779849     37207.4000000     2
      554.6688562        25.8130014         1.6423695     37208.4000000     2
      275.3305726        84.1656977       -31.5983446     37210.4000000     2
      807.1659494       -68.9820325      -141.6586437     37211.4000000     2
      137.3665076      -199.1515896        31.3935913     37212.4000000     2
      408.8627701        -6.1948499        99.2182024     37213.4000000     2
      124.9768079        -0.7151848        96.7213313     37214.4000000     2
      407.4324005       187.2478127       -44.0629936     37215.4000000     2
      499.4724333       -88.8411720       -57.2382280     37216.4000000     2
      229.7500565        72.7713567       -17.8293246     37217.4000000     2
      645.0151466      -124.4998211      -136.1531288     37218.4000000     2
      -19.2495857      -199.5349010       200.8907769     37219.4000000     2
      245.9453446       277.2817326       181.0641074     37220.4000000     3
      535.3138796       162.5933137      -229.6369276     37221.4000000     3
      571.1319721      -181.9921226      -139.6643586     37222.4000000     3
      171.3296343      -116.7354035       166.2390048     37223.4000000     3
      337.6611651       150.4858869        80.6102388     37224.4000000     3
      472.3014081        44.4850741      -118.5671718     37225.4000000     3
      426.6313134       -86.6484568        30.2748557     37226.4000000     3
      299.0044946       105.0347856        40.4588280     37227.4000000     3
      636.7008846        -5.7308008       -56.9031054     37228.4000000     3
      281.8120922       -65.6745306        17.3771692     37230.4000000     3
      439.6772927        46.4007067         7.6556336     37231.4000000     3
      374.6135055       -50.3632634       -14.4458025     37232.4000000     3
      338.9507659        17.5091016        61.3351091     37233.4000000     3
      427.1408104       133.6420640        41.2199606     37235.4000000     3
      739.8769580       141.1689834       -63.9740631     37236.4000000     3
      709.4787772         5.6939377       -73.6259815     37237.4000000     3
      756.9587713       -79.7089610       -80.0894407     37239.4000000     3
      470.3518943      -234.5743845        50.0697513     37240.4000000     3
      287.8100023        20.4305417       228.7519184     37241.4000000     3
      511.2129777       222.9294523       -17.5588688     37242.4000000     3
      733.6689069       -14.6871958       -79.0196172     37243.4000000     3
      481.8385862        64.8902179        31.8953896     37244.4000000     3
      863.4493427        49.1035834      -177.4259124     37245.4000000     3
      580.0457530      -289.9616069      -102.7513701     37246.4000000     3
      283.5261289      -156.3991567       219.5030958     37247.4000000     3
      267.2474395       149.0445847       206.7260557     37248.4000000     3
      581.6152983       257.0529547      -115.0566671     37249.4000000     3
      781.3533489       -81.0687494      -197.6012453     37250.4000000     3
      419.4777995      -138.1495360        96.7060968     37251.4000000     3
      505.0542769       112.3434441        13.7118871     37252.4000000     3
      644.1646878      -110.7257618       -99.5630836     37253.4000000     3
      283.6027533       -86.7827232        91.2489072     37254.4000000     3
      470.5992415        71.7720525        33.4630380     37255.4000000     3
      427.1468583       -19.8566471       -39.0456103     37256.4000000     3
      430.8859473        -6.3191680         3.8607833     37257.4000000     3
      414.5085223       -12.1350806        42.2722479     37258.4000000     3
      406.6157862        78.2253278        39.6879973     37259.4000000     3
      570.9591780        67.2409141       -43.7917071     37260.4000000     3
      541.0976143        -9.3580864       -35.4647435     37261.4000000     3
      552.2430051        -3.6885729        -7.5190865     37262.4000000     3
      533.7204686       -24.3962595        -9.7853608     37263.4000000     3
      503.4504862       -23.2592944        14.5889070     37264.4000000     3
      487.2018798         4.7815545        22.1432109     37265.4000000     3
      517.7951498        43.1703381        -5.1270020     37267.4000000     3
      616.7128942       -10.5994515       -89.3339798     37268.4000000     3
      496.5962468      -135.4976214       -26.2220191     37269.4000000     3
      345.7176514       -63.0434897        72.0131772     37270.4000000     3
      370.5092674         8.5287331        21.0870973     37271.4000000     3
      362.7751175       -20.8692951        19.9617936     37272.4000000     3
      328.7706772        48.4523203        17.3334239     37273.4000000     3
      556.5843988        48.4644004        -0.5649355     37276.4000000     3
      522.6282788        46.1925783       -19.9815384     37277.4000000     3
      648.9695554         8.5013237       -16.1059995     37278.4000000     3
      539.6309261        13.9805794        12.9737375     37279.4000000     3
      676.9307141        34.4487987       -75.3584818     37280.4000000     3
      608.5285235      -136.7363843       -44.4752834     37281.4000000     3
      403.4579456       -54.5017681        59.5474128     37282.4000000     3
      499.5249874       -17.6415586       -27.1211448     37283.4000000     3
      368.1748284      -108.7440578       129.5764313     37284.4000000     3
      282.0368719       241.5113040        85.5869158     37285.4000000     3
      851.1974365        62.4297739      -119.5210318     37286.4000000     3
      469.3261936      -117.0517913       -27.6730180     37288.4000000     3
      500.0420625       -20.5892802        31.0951515     37289.4000000     3
      407.5583529       -23.7663370       -19.5281088     37291.4000000     3
      428.7430516       -79.1736067        44.4693513     37292.4000000     3
      249.2111395        65.1723656       109.2606563     37293.4000000     3
      559.0877827       139.3477059       -60.1445242     37294.4000000     3
      527.9065514       -55.1166828       -36.3789426     37295.4000000     3
      448.8544171        66.5898207        18.3173635     37296.4000000     3
      727.6760136        -0.1645924       -23.6097859     37298.4000000     3
      448.3606400        -4.2395371       -40.8239177     37299.4000000     3
      719.1969394       -81.8124278       -16.0858486     37300.4000000     3
      284.7357844       -36.4112343       117.3859906     37301.4000000     3
      646.3744708       152.9595534         1.2318300     37302.4000000     3
      590.6548912       -33.9475743      -108.4129879     37303.4000000     3
      578.4793223       -63.8664224       -29.3934360     37304.4000000     3
      462.9220465       -92.7344462        84.3702779     37305.4000000     3
      393.0104299       104.8741333        73.1933767     37306.4000000     3
      672.6703131        53.6523072       -86.9927005     37307.4000000     3
      500.3150443       -69.1112676        -8.8001353     37308.4000000     3
      534.4477779        36.0520367        42.0750865     37309.4000000     3
      572.4191177        15.0389055       -70.7502306     37310.4000000     3
      564.5255889      -105.4484245      -108.9184635     37311.4000000     3
      361.5222688      -202.7980215        33.1026314     37312.4000000     3
      158.9295458       -39.2431617       115.8265018     37313.4000000     3
      243.7927836       144.6814838        38.3572614     37315.4000000     3
      592.9739972        75.8286226       -59.0002215     37316.4000000     3
      471.2786513       -32.3191807        65.2759784     37318.4000000     3
      496.0164551       271.6565578        86.0368901     37319.4000000     3
     1014.5917669       139.7545995      -105.0357187     37320.4000000     3
      775.5256540        61.5851205      -148.7099052     37321.4000000     3
     1137.7620079      -157.6652109      -181.0748228     37322.4000000     3
      460.1952322      -300.5645250        74.1652695     37323.4000000     3
      536.6329578        -9.3346719       154.3234514     37324.4000000     3
      441.5258884         8.0823778         8.6563602     37325.4000000     3
      552.7977134         7.9780485       -33.7418114     37326.4000000     3
      465.4600337       -93.1430565        -2.3817738     37328.4000000     3
      273.3685439         0.8327271        62.2202815     37329.4000000     3
      467.1254879        31.2975065        29.4084913     37330.4000000     3
      335.9635569        59.6497098       -32.7086022     37331.4000000     3
      586.4249074       -34.1196979       -70.6445744     37332.4000000     3
      267.7241612       -81.6394390        62.4256708     37333.4000000     3
      423.1460295        90.7316438        43.7756556     37334.4000000     3
      449.1874488         5.9118722       -14.5286598     37335.4000000     3
      434.9697738        61.6743242        55.1366312     37336.4000000     3
      572.5360973       116.1851346       -84.5162267     37337.4000000     3
      667.3400431      -107.3581291      -109.6639065     37338.4000000     3
      357.8198390      -103.1426783       239.3055133     37339.4000000     3
      461.0546865       371.2528975        73.5080390     37340.4000000     3
     1100.3256340        43.8733996      -402.0734575     37341.4000000     3
      548.8014857      -432.8940176         1.0073028     37342.4000000     3
      234.5375988        45.8880052       280.2796061     37343.4000000     3
      640.5774961       127.6651947        41.9585284     37344.4000000     3
      489.8679881       129.8050619      -173.2053078     37345.4000000     3
      900.1876199      -218.7454210      -194.5504794     37346.4000000     3
       52.3771461      -259.2958968       177.8085838     37347.4000000     3
      381.5958262       136.8717465       120.2436386     37348.4000000     3
      326.1206391       -18.8086197       -78.3841459     37349.4000000     3
      343.9785869       -19.8965454       -36.6253819     37350.4000000     3
      286.3275484       -92.0593835        23.7642069     37351.4000000     3
       67.8004365        51.3960754       129.1786419     37353.4000000     3
      440.5157746       295.4765422       -16.5853938     37354.4000000     3
      658.7535209        18.2252879      -163.6399445     37355.4000000     3
      476.9663504       -31.8033469        11.1777139     37356.4000000     3
      595.1468272        40.5807157       -12.9400142     37357.4000000     3
      558.1277819       -57.6833754       -35.9912884     37358.4000000     3
      422.0967010       -67.3931494        23.9090818     37360.4000000     3
      355.9483337        14.0438700        33.4219476     37361.4000000     3
      450.1844410        -0.5492542         7.0800507     37362.4000000     3
      354.8498254        28.2039714       105.9633898     37363.4000000     3
      506.5923838       211.3775254        12.7950390     37364.4000000     3
      777.6048761        53.7940495      -157.3655320     37365.4000000     3
      614.1804827      -103.3535387       -25.1768700     37366.4000000     3
      570.8977988         3.4403095        78.6213507     37367.4000000     3
      621.0611017        53.8891627        27.0873565     37368.4000000     3
      678.6761242        57.6150225         3.7258598     37369.4000000     3
