1
2
3
4
5
6
7
8
9
10
11
12
13
14
15
16
17
18
19
20
21
22
23
24
25
26
27
28
29
30
31
32
33
34
35
36
37
38
39
40
41
42
43
44
45
46
47
48
49
50
51
52
53
54
55
56
57
58
59
60
61
62
63
64
65
66
67
68
69
70
71
72
73
74
75
76
77
78
79
80
81
82
83
84
85
86
87
88
89
90
91
92
93
94
95
96
97
98
99
100
101
202
302
403
503
604
704
805
905
1006
1106
1207
1307
1408
1508
1609
1709
1810
1910
2011
2111
2212
2312
2413
2513
2614
2714
2815
2915
3016
3116
3217
3317
3418
3518
3619
3719
3820
3920
4021
4121
4222
4322
4423
4523
4624
4724
4825
4925
5026
5126
5227
5327
5428
5528
5629
5729
5830
5930
6031
6131
6232
6332
6433
6533
6634
6734
6835
6935
7036
7136
7237
7337
7438
7538
7639
7739
7840
7940
8041
8141
8242
8342
8443
8543
8644
8744
8845
8945
9046
9146
9247
9347
9448
9548
9649
9749
9850
9950
10051
10151
10252
10352
10453
10553
10654
10754
10855
10955
11056
11156
11257
11357
11458
11558
11659
11759
11860
11960
12061
12161
12262
12362
12463
12563
12664
12764
12865
12965
13066
13166
13267
13367
13468
13568
13669
13769
13870
13970
14071
14171
14272
14372
14473
14573
14674
14774
14875
14975
15076
15176
15277
15377
15478
15578
15679
15779
15880
15980
16081
16181
16282
16382
16483
16583
16684
16784
16885
16985
17086
17186
17287
17387
17488
17588
17689
17789
17890
17990
18091
18191
18292
18392
18493
18593
18694
18794
18895
18995
19096
19196
19297
19397
19498
19598
19699
19799
19900
20000
20101
20102
20103
20104
20105
20106
20107
20108
20109
20110
20111
20112
20113
20114
20115
20116
20117
20118
20119
20120
20121
20122
20123
20124
20125
20126
20127
20128
20129
20130
20131
20132
20133
20134
20135
20136
20137
20138
20139
20140
20141
20142
20143
20144
20145
20146
20147
20148
20149
20150
20151
20152
20153
20154
20155
20156
20157
20158
20159
20160
20161
20162
20163
20164
20165
20166
20167
20168
20169
20170
20171
20172
20173
20174
20175
20176
20177
20178
20179
20180
20181
20182
20183
20184
20185
20186
20187
20188
20189
20190
20191
20192
20193
20194
20195
20196
20197
20198
20199
20200
20201
