-400 -20
-398 -20
-396 -20
-394 -20
-392 -20
-390 -20
-388 -20
-386 -20
-384 -20
-382 -20
-380 -20
-378 -20
-376 -20
-374 -20
-372 -20
-370 -20
-368 -20
-366 -20
-364 -20
-362 -20
-360 -20
-358 -20
-356 -20
-354 -20
-352 -20
-350 -20
-348 -20
-346 -20
-344 -20
-342 -20
-340 -20
-338 -20
-336 -20
-334 -20
-332 -20
-330 -20
-328 -20
-326 -20
-324 -20
-322 -20
-320 -20
-318 -20
-316 -20
-314 -20
-312 -20
-310 -20
-308 -20
-306 -20
-304 -20
-302 -20
-300 -20
-298 -20
-296 -20
-294 -20
-292 -20
-290 -20
-288 -20
-286 -20
-284 -20
-282 -20
-280 -20
-278 -20
-276 -20
-274 -20
-272 -20
-270 -20
-268 -20
-266 -20
-264 -20
-262 -20
-260 -20
-258 -20
-256 -20
-254 -20
-252 -20
-250 -20
-248 -20
-246 -20
-244 -20
-242 -20
-240 -20
-238 -20
-236 -20
-234 -20
-232 -20
-230 -20
-228 -20
-226 -20
-224 -20
-222 -20
-220 -20
-218 -20
-216 -20
-214 -20
-212 -20
-210 -20
-208 -20
-206 -20
-204 -20
-202 -20
-200 -20
-198 -20
-196 -20
-194 -20
-192 -20
-190 -20
-188 -20
-186 -20
-184 -20
-182 -20
-180 -20
-178 -20
-176 -20
-174 -20
-172 -20
-170 -20
-168 -20
-166 -20
-164 -20
-162 -20
-160 -20
-158 -20
-156 -20
-154 -20
-152 -20
-150 -20
-148 -20
-146 -20
-144 -20
-142 -20
-140 -20
-138 -20
-136 -20
-134 -20
-132 -20
-130 -20
-128 -20
-126 -20
-124 -20
-122 -20
-120 -20
-118 -20
-116 -20
-114 -20
-112 -20
-110 -20
-108 -20
-106 -20
-104 -20
-102 -20
-100 -20
-98 -20
-96 -20
-94 -20
-92 -20
-90 -20
-88 -20
-86 -20
-84 -20
-82 -20
-80 -20
-78 -20
-76 -20
-74 -20
-72 -20
-70 -20
-68 -20
-66 -20
-64 -20
-62 -20
-60 -20
-58 -20
-56 -20
-54 -20
-52 -20
-50 -20
-48 -20
-46 -20
-44 -20
-42 -20
-40 -20
-38 -20
-36 -20
-34 -20
-32 -20
-30 -20
-28 -20
-26 -20
-24 -20
-22 -20
-20 -20
-18 -20
-16 -20
-14 -20
-12 -20
-10 -20
-8 -20
-6 -20
-4 -20
-2 -20
0 -20
2 -20
4 -20
6 -20
8 -20
10 -20
12 -20
14 -20
16 -20
18 -20
20 -20
22 -20
24 -20
26 -20
28 -20
30 -20
32 -20
34 -20
36 -20
38 -20
40 -20
42 -20
44 -20
46 -20
48 -20
50 -20
52 -20
54 -20
56 -20
58 -20
60 -20
62 -20
64 -20
66 -20
68 -20
70 -20
72 -20
74 -20
76 -20
78 -20
80 -20
82 -20
84 -20
86 -20
88 -20
90 -20
92 -20
94 -20
96 -20
98 -20
100 -20
102 -20
104 -20
106 -20
108 -20
110 -20
112 -20
114 -20
116 -20
118 -20
120 -20
122 -20
124 -20
126 -20
128 -20
130 -20
132 -20
134 -20
136 -20
138 -20
140 -20
142 -20
144 -20
146 -20
148 -20
150 -20
152 -20
154 -20
156 -20
158 -20
160 -20
162 -20
164 -20
166 -20
168 -20
170 -20
172 -20
174 -20
176 -20
178 -20
180 -20
182 -20
184 -20
186 -20
188 -20
190 -20
192 -20
194 -20
196 -20
198 -20
200 -20
202 -20
204 -20
206 -20
208 -20
210 -20
212 -20
214 -20
216 -20
218 -20
220 -20
222 -20
224 -20
226 -20
228 -20
230 -20
232 -20
234 -20
236 -20
238 -20
240 -20
242 -20
244 -20
246 -20
248 -20
250 -20
252 -20
254 -20
256 -20
258 -20
260 -20
262 -20
264 -20
266 -20
268 -20
270 -20
272 -20
274 -20
276 -20
278 -20
280 -20
282 -20
284 -20
286 -20
288 -20
290 -20
292 -20
294 -20
296 -20
298 -20
300 -20
302 -20
304 -20
306 -20
308 -20
310 -20
312 -20
314 -20
316 -20
318 -20
320 -20
322 -20
324 -20
326 -20
328 -20
330 -20
332 -20
334 -20
336 -20
338 -20
340 -20
342 -20
344 -20
346 -20
348 -20
350 -20
352 -20
354 -20
356 -20
358 -20
360 -20
362 -20
364 -20
366 -20
368 -20
370 -20
372 -20
374 -20
376 -20
378 -20
380 -20
382 -20
384 -20
386 -20
388 -20
390 -20
392 -20
394 -20
396 -20
398 -20
400 -20
