  -400.0000      -20.00000      8.1170082E-02
  -398.0000      -20.00000      8.1898689E-02
  -396.0000      -20.00000      8.2636833E-02
  -394.0000      -20.00000      8.3388329E-02
  -392.0000      -20.00000      8.4144592E-02
  -390.0000      -20.00000      8.4913254E-02
  -388.0000      -20.00000      8.5690498E-02
  -386.0000      -20.00000      8.6477280E-02
  -384.0000      -20.00000      8.7275505E-02
  -382.0000      -20.00000      8.8085175E-02
  -380.0000      -20.00000      8.8905334E-02
  -378.0000      -20.00000      8.9736938E-02
  -376.0000      -20.00000      9.0576172E-02
  -374.0000      -20.00000      9.1432571E-02
  -372.0000      -20.00000      9.2295647E-02
  -370.0000      -20.00000      9.3171120E-02
  -368.0000      -20.00000      9.4058990E-02
  -366.0000      -20.00000      9.4962120E-02
  -364.0000      -20.00000      9.5871925E-02
  -362.0000      -20.00000      9.6798897E-02
  -360.0000      -20.00000      9.7735405E-02
  -358.0000      -20.00000      9.8687172E-02
  -356.0000      -20.00000      9.9652290E-02
  -354.0000      -20.00000      0.1006298    
  -352.0000      -20.00000      0.1016169    
  -350.0000      -20.00000      0.1026239    
  -348.0000      -20.00000      0.1036410    
  -346.0000      -20.00000      0.1046772    
  -344.0000      -20.00000      0.1057258    
  -342.0000      -20.00000      0.1067863    
  -340.0000      -20.00000      0.1078677    
  -338.0000      -20.00000      0.1089592    
  -336.0000      -20.00000      0.1100693    
  -334.0000      -20.00000      0.1111937    
  -332.0000      -20.00000      0.1123352    
  -330.0000      -20.00000      0.1134925    
  -328.0000      -20.00000      0.1146684    
  -326.0000      -20.00000      0.1158586    
  -324.0000      -20.00000      0.1170683    
  -322.0000      -20.00000      0.1182952    
  -320.0000      -20.00000      0.1195421    
  -318.0000      -20.00000      0.1208048    
  -316.0000      -20.00000      0.1220865    
  -314.0000      -20.00000      0.1233850    
  -312.0000      -20.00000      0.1247082    
  -310.0000      -20.00000      0.1260481    
  -308.0000      -20.00000      0.1274080    
  -306.0000      -20.00000      0.1287909    
  -304.0000      -20.00000      0.1301923    
  -302.0000      -20.00000      0.1316147    
  -300.0000      -20.00000      0.1330595    
  -298.0000      -20.00000      0.1345253    
  -296.0000      -20.00000      0.1360149    
  -294.0000      -20.00000      0.1375270    
  -292.0000      -20.00000      0.1390638    
  -290.0000      -20.00000      0.1406221    
  -288.0000      -20.00000      0.1422052    
  -286.0000      -20.00000      0.1438127    
  -284.0000      -20.00000      0.1454458    
  -282.0000      -20.00000      0.1471028    
  -280.0000      -20.00000      0.1487875    
  -278.0000      -20.00000      0.1504979    
  -276.0000      -20.00000      0.1522355    
  -274.0000      -20.00000      0.1540008    
  -272.0000      -20.00000      0.1557922    
  -270.0000      -20.00000      0.1576138    
  -268.0000      -20.00000      0.1594639    
  -266.0000      -20.00000      0.1613450    
  -264.0000      -20.00000      0.1632547    
  -262.0000      -20.00000      0.1651950    
  -260.0000      -20.00000      0.1671672    
  -258.0000      -20.00000      0.1691704    
  -256.0000      -20.00000      0.1712065    
  -254.0000      -20.00000      0.1732764    
  -252.0000      -20.00000      0.1753783    
  -250.0000      -20.00000      0.1775146    
  -248.0000      -20.00000      0.1796861    
  -246.0000      -20.00000      0.1818933    
  -244.0000      -20.00000      0.1841359    
  -242.0000      -20.00000      0.1864152    
  -240.0000      -20.00000      0.1887317    
  -238.0000      -20.00000      0.1910858    
  -236.0000      -20.00000      0.1934800    
  -234.0000      -20.00000      0.1959138    
  -232.0000      -20.00000      0.1983867    
  -230.0000      -20.00000      0.2009015    
  -228.0000      -20.00000      0.2034559    
  -226.0000      -20.00000      0.2060552    
  -224.0000      -20.00000      0.2086954    
  -222.0000      -20.00000      0.2113805    
  -220.0000      -20.00000      0.2141089    
  -218.0000      -20.00000      0.2168837    
  -216.0000      -20.00000      0.2197042    
  -214.0000      -20.00000      0.2225728    
  -212.0000      -20.00000      0.2254868    
  -210.0000      -20.00000      0.2284493    
  -208.0000      -20.00000      0.2314620    
  -206.0000      -20.00000      0.2345247    
  -204.0000      -20.00000      0.2376366    
  -202.0000      -20.00000      0.2408004    
  -200.0000      -20.00000      0.2440166    
  -198.0000      -20.00000      0.2472868    
  -196.0000      -20.00000      0.2506094    
  -194.0000      -20.00000      0.2539859    
  -192.0000      -20.00000      0.2574191    
  -190.0000      -20.00000      0.2609067    
  -188.0000      -20.00000      0.2644510    
  -186.0000      -20.00000      0.2680545    
  -184.0000      -20.00000      0.2717142    
  -182.0000      -20.00000      0.2754326    
  -180.0000      -20.00000      0.2792110    
  -178.0000      -20.00000      0.2830477    
  -176.0000      -20.00000      0.2869463    
  -174.0000      -20.00000      0.2909050    
  -172.0000      -20.00000      0.2949252    
  -170.0000      -20.00000      0.2990074    
  -168.0000      -20.00000      0.3031507    
  -166.0000      -20.00000      0.3073564    
  -164.0000      -20.00000      0.3116255    
  -162.0000      -20.00000      0.3159566    
  -160.0000      -20.00000      0.3203497    
  -158.0000      -20.00000      0.3248067    
  -156.0000      -20.00000      0.3293266    
  -154.0000      -20.00000      0.3339071    
  -152.0000      -20.00000      0.3385520    
  -150.0000      -20.00000      0.3432579    
  -148.0000      -20.00000      0.3480241    
  -146.0000      -20.00000      0.3528516    
  -144.0000      -20.00000      0.3577368    
  -142.0000      -20.00000      0.3626826    
  -140.0000      -20.00000      0.3676851    
  -138.0000      -20.00000      0.3727443    
  -136.0000      -20.00000      0.3778565    
  -134.0000      -20.00000      0.3830230    
  -132.0000      -20.00000      0.3882391    
  -130.0000      -20.00000      0.3935051    
  -128.0000      -20.00000      0.3988171    
  -126.0000      -20.00000      0.4041736    
  -124.0000      -20.00000      0.4095721    
  -122.0000      -20.00000      0.4150083    
  -120.0000      -20.00000      0.4204795    
  -118.0000      -20.00000      0.4259834    
  -116.0000      -20.00000      0.4315150    
  -114.0000      -20.00000      0.4370730    
  -112.0000      -20.00000      0.4426515    
  -110.0000      -20.00000      0.4482467    
  -108.0000      -20.00000      0.4538543    
  -106.0000      -20.00000      0.4594705    
  -104.0000      -20.00000      0.4650903    
  -102.0000      -20.00000      0.4707088    
  -100.0000      -20.00000      0.4763227    
  -98.00000      -20.00000      0.4819255    
  -96.00000      -20.00000      0.4875128    
  -94.00000      -20.00000      0.4930799    
  -92.00000      -20.00000      0.4986215    
  -90.00000      -20.00000      0.5041320    
  -88.00000      -20.00000      0.5096078    
  -86.00000      -20.00000      0.5150425    
  -84.00000      -20.00000      0.5204315    
  -82.00000      -20.00000      0.5257707    
  -80.00000      -20.00000      0.5310538    
  -78.00000      -20.00000      0.5362759    
  -76.00000      -20.00000      0.5414338    
  -74.00000      -20.00000      0.5465205    
  -72.00000      -20.00000      0.5515330    
  -70.00000      -20.00000      0.5564659    
  -68.00000      -20.00000      0.5613151    
  -66.00000      -20.00000      0.5660756    
  -64.00000      -20.00000      0.5707431    
  -62.00000      -20.00000      0.5753138    
  -60.00000      -20.00000      0.5797837    
  -58.00000      -20.00000      0.5841477    
  -56.00000      -20.00000      0.5884020    
  -54.00000      -20.00000      0.5925438    
  -52.00000      -20.00000      0.5965686    
  -50.00000      -20.00000      0.6004723    
  -48.00000      -20.00000      0.6042525    
  -46.00000      -20.00000      0.6079049    
  -44.00000      -20.00000      0.6114268    
  -42.00000      -20.00000      0.6148136    
  -40.00000      -20.00000      0.6180638    
  -38.00000      -20.00000      0.6211737    
  -36.00000      -20.00000      0.6241409    
  -34.00000      -20.00000      0.6269628    
  -32.00000      -20.00000      0.6296363    
  -30.00000      -20.00000      0.6321598    
  -28.00000      -20.00000      0.6345307    
  -26.00000      -20.00000      0.6367466    
  -24.00000      -20.00000      0.6388061    
  -22.00000      -20.00000      0.6407073    
  -20.00000      -20.00000      0.6424484    
  -18.00000      -20.00000      0.6440282    
  -16.00000      -20.00000      0.6454453    
  -14.00000      -20.00000      0.6466984    
  -12.00000      -20.00000      0.6477867    
  -10.00000      -20.00000      0.6487091    
  -8.000000      -20.00000      0.6494645    
  -6.000000      -20.00000      0.6500527    
  -4.000000      -20.00000      0.6504732    
  -2.000000      -20.00000      0.6507257    
  0.0000000E+00  -20.00000      0.6508100    
   2.000000      -20.00000      0.6507256    
   4.000000      -20.00000      0.6504732    
   6.000000      -20.00000      0.6500527    
   8.000000      -20.00000      0.6494645    
   10.00000      -20.00000      0.6487090    
   12.00000      -20.00000      0.6477867    
   14.00000      -20.00000      0.6466984    
   16.00000      -20.00000      0.6454454    
   18.00000      -20.00000      0.6440284    
   20.00000      -20.00000      0.6424484    
   22.00000      -20.00000      0.6407073    
   24.00000      -20.00000      0.6388060    
   26.00000      -20.00000      0.6367465    
   28.00000      -20.00000      0.6345307    
   30.00000      -20.00000      0.6321599    
   32.00000      -20.00000      0.6296363    
   34.00000      -20.00000      0.6269628    
   36.00000      -20.00000      0.6241409    
   38.00000      -20.00000      0.6211738    
   40.00000      -20.00000      0.6180638    
   42.00000      -20.00000      0.6148136    
   44.00000      -20.00000      0.6114268    
   46.00000      -20.00000      0.6079051    
   48.00000      -20.00000      0.6042526    
   50.00000      -20.00000      0.6004725    
   52.00000      -20.00000      0.5965685    
   54.00000      -20.00000      0.5925440    
   56.00000      -20.00000      0.5884021    
   58.00000      -20.00000      0.5841476    
   60.00000      -20.00000      0.5797836    
   62.00000      -20.00000      0.5753138    
   64.00000      -20.00000      0.5707434    
   66.00000      -20.00000      0.5660754    
   68.00000      -20.00000      0.5613151    
   70.00000      -20.00000      0.5564659    
   72.00000      -20.00000      0.5515330    
   74.00000      -20.00000      0.5465204    
   76.00000      -20.00000      0.5414340    
   78.00000      -20.00000      0.5362759    
   80.00000      -20.00000      0.5310538    
   82.00000      -20.00000      0.5257705    
   84.00000      -20.00000      0.5204317    
   86.00000      -20.00000      0.5150427    
   88.00000      -20.00000      0.5096078    
   90.00000      -20.00000      0.5041320    
   92.00000      -20.00000      0.4986214    
   94.00000      -20.00000      0.4930798    
   96.00000      -20.00000      0.4875129    
   98.00000      -20.00000      0.4819256    
   100.0000      -20.00000      0.4763227    
   102.0000      -20.00000      0.4707090    
   104.0000      -20.00000      0.4650903    
   106.0000      -20.00000      0.4594704    
   108.0000      -20.00000      0.4538545    
   110.0000      -20.00000      0.4482468    
   112.0000      -20.00000      0.4426515    
   114.0000      -20.00000      0.4370732    
   116.0000      -20.00000      0.4315152    
   118.0000      -20.00000      0.4259834    
   120.0000      -20.00000      0.4204793    
   122.0000      -20.00000      0.4150082    
   124.0000      -20.00000      0.4095720    
   126.0000      -20.00000      0.4041734    
   128.0000      -20.00000      0.3988172    
   130.0000      -20.00000      0.3935049    
   132.0000      -20.00000      0.3882393    
   134.0000      -20.00000      0.3830232    
   136.0000      -20.00000      0.3778564    
   138.0000      -20.00000      0.3727446    
   140.0000      -20.00000      0.3676848    
   142.0000      -20.00000      0.3626826    
   144.0000      -20.00000      0.3577371    
   146.0000      -20.00000      0.3528517    
   148.0000      -20.00000      0.3480240    
   150.0000      -20.00000      0.3432580    
   152.0000      -20.00000      0.3385521    
   154.0000      -20.00000      0.3339070    
   156.0000      -20.00000      0.3293268    
   158.0000      -20.00000      0.3248074    
   160.0000      -20.00000      0.3203495    
   162.0000      -20.00000      0.3159566    
   164.0000      -20.00000      0.3116255    
   166.0000      -20.00000      0.3073560    
   168.0000      -20.00000      0.3031504    
   170.0000      -20.00000      0.2990074    
   172.0000      -20.00000      0.2949252    
   174.0000      -20.00000      0.2909042    
   176.0000      -20.00000      0.2869462    
   178.0000      -20.00000      0.2830476    
   180.0000      -20.00000      0.2792109    
   182.0000      -20.00000      0.2754326    
   184.0000      -20.00000      0.2717148    
   186.0000      -20.00000      0.2680541    
   188.0000      -20.00000      0.2644516    
   190.0000      -20.00000      0.2609067    
   192.0000      -20.00000      0.2574192    
   194.0000      -20.00000      0.2539860    
   196.0000      -20.00000      0.2506093    
   198.0000      -20.00000      0.2472869    
   200.0000      -20.00000      0.2440165    
   202.0000      -20.00000      0.2408006    
   204.0000      -20.00000      0.2376364    
   206.0000      -20.00000      0.2345248    
   208.0000      -20.00000      0.2314616    
   210.0000      -20.00000      0.2284493    
   212.0000      -20.00000      0.2254865    
   214.0000      -20.00000      0.2225730    
   216.0000      -20.00000      0.2197044    
   218.0000      -20.00000      0.2168837    
   220.0000      -20.00000      0.2141089    
   222.0000      -20.00000      0.2113802    
   224.0000      -20.00000      0.2086952    
   226.0000      -20.00000      0.2060549    
   228.0000      -20.00000      0.2034557    
   230.0000      -20.00000      0.2009013    
   232.0000      -20.00000      0.1983867    
   234.0000      -20.00000      0.1959138    
   236.0000      -20.00000      0.1934803    
   238.0000      -20.00000      0.1910861    
   240.0000      -20.00000      0.1887317    
   242.0000      -20.00000      0.1864152    
   244.0000      -20.00000      0.1841362    
   246.0000      -20.00000      0.1818931    
   248.0000      -20.00000      0.1796858    
   250.0000      -20.00000      0.1775146    
   252.0000      -20.00000      0.1753786    
   254.0000      -20.00000      0.1732762    
   256.0000      -20.00000      0.1712067    
   258.0000      -20.00000      0.1691706    
   260.0000      -20.00000      0.1671667    
   262.0000      -20.00000      0.1651947    
   264.0000      -20.00000      0.1632550    
   266.0000      -20.00000      0.1613448    
   268.0000      -20.00000      0.1594641    
   270.0000      -20.00000      0.1576140    
   272.0000      -20.00000      0.1557920    
   274.0000      -20.00000      0.1540008    
   276.0000      -20.00000      0.1522357    
   278.0000      -20.00000      0.1504974    
   280.0000      -20.00000      0.1487880    
   282.0000      -20.00000      0.1471040    
   284.0000      -20.00000      0.1454456    
   286.0000      -20.00000      0.1438119    
   288.0000      -20.00000      0.1422055    
   290.0000      -20.00000      0.1406219    
   292.0000      -20.00000      0.1390631    
   294.0000      -20.00000      0.1375268    
   296.0000      -20.00000      0.1360152    
   298.0000      -20.00000      0.1345260    
   300.0000      -20.00000      0.1330597    
   302.0000      -20.00000      0.1316152    
   304.0000      -20.00000      0.1301928    
   306.0000      -20.00000      0.1287901    
   308.0000      -20.00000      0.1274087    
   310.0000      -20.00000      0.1260478    
   312.0000      -20.00000      0.1247079    
   314.0000      -20.00000      0.1233850    
   316.0000      -20.00000      0.1220868    
   318.0000      -20.00000      0.1208045    
   320.0000      -20.00000      0.1195421    
   322.0000      -20.00000      0.1182954    
   324.0000      -20.00000      0.1170685    
   326.0000      -20.00000      0.1158593    
   328.0000      -20.00000      0.1146691    
   330.0000      -20.00000      0.1134930    
   332.0000      -20.00000      0.1123352    
   334.0000      -20.00000      0.1111927    
   336.0000      -20.00000      0.1100688    
   338.0000      -20.00000      0.1089592    
   340.0000      -20.00000      0.1078668    
   342.0000      -20.00000      0.1067867    
   344.0000      -20.00000      0.1057248    
   346.0000      -20.00000      0.1046767    
   348.0000      -20.00000      0.1036410    
   350.0000      -20.00000      0.1026230    
   352.0000      -20.00000      0.1016173    
   354.0000      -20.00000      0.1006293    
   356.0000      -20.00000      9.9652290E-02
   358.0000      -20.00000      9.8686695E-02
   360.0000      -20.00000      9.7735882E-02
   362.0000      -20.00000      9.6799374E-02
   364.0000      -20.00000      9.5871925E-02
   366.0000      -20.00000      9.4961643E-02
   368.0000      -20.00000      9.4058990E-02
   370.0000      -20.00000      9.3171120E-02
   372.0000      -20.00000      9.2296600E-02
   374.0000      -20.00000      9.1433048E-02
   376.0000      -20.00000      9.0576172E-02
   378.0000      -20.00000      8.9737415E-02
   380.0000      -20.00000      8.8905334E-02
   382.0000      -20.00000      8.8085175E-02
   384.0000      -20.00000      8.7276459E-02
   386.0000      -20.00000      8.6477280E-02
   388.0000      -20.00000      8.5690498E-02
   390.0000      -20.00000      8.4913254E-02
   392.0000      -20.00000      8.4144115E-02
   394.0000      -20.00000      8.3388329E-02
   396.0000      -20.00000      8.2637787E-02
   398.0000      -20.00000      8.1899166E-02
   400.0000      -20.00000      8.1169605E-02
