   1000.000      -200.0000       1640.000    
   1000.000      -400.0000       1727.772    
   1000.000      -600.0000       1880.310    
   1000.000      -800.0000       2066.695    
   1000.000      -1000.000       2323.139    
   1000.000      -1200.000       2659.412    
   1000.000      -1400.000       2963.041    
   1000.000      -1600.000       3143.026    
   1000.000      -1800.000       3297.744    
   1000.000      -2000.000       3424.490    
   1000.000      -2200.000       3518.888    
   1000.000      -2400.000       3607.117    
   1000.000      -2600.000       3672.054    
   1000.000      -2800.000       3732.469    
   1000.000      -3000.000       3785.254    
   1000.000      -4000.000       3964.011    
   1000.000      -5000.000       4067.814    
   1500.000      -200.0000       1640.000    
   1500.000      -400.0000       1729.677    
   1500.000      -600.0000       1877.916    
   1500.000      -800.0000       2056.899    
   1500.000      -1000.000       2313.430    
   1500.000      -1200.000       2651.195    
   1500.000      -1400.000       2955.391    
   1500.000      -1600.000       3136.939    
   1500.000      -1800.000       3292.529    
   1500.000      -2000.000       3420.177    
   1500.000      -2200.000       3513.858    
   1500.000      -2400.000       3602.993    
   1500.000      -2600.000       3668.877    
   1500.000      -2800.000       3729.374    
   1500.000      -3000.000       3781.358    
   1500.000      -4000.000       3961.242    
   1500.000      -5000.000       4066.127    
   2000.000      -200.0000       1641.000    
   2000.000      -400.0000       1731.630    
   2000.000      -600.0000       1874.667    
   2000.000      -800.0000       2046.966    
   2000.000      -1000.000       2303.609    
   2000.000      -1200.000       2642.875    
   2000.000      -1400.000       2947.652    
   2000.000      -1600.000       3130.770    
   2000.000      -1800.000       3287.239    
   2000.000      -2000.000       3415.003    
   2000.000      -2200.000       3509.615    
   2000.000      -2400.000       3598.849    
   2000.000      -2600.000       3664.818    
   2000.000      -2800.000       3725.388    
   2000.000      -3000.000       3778.308    
   2000.000      -4000.000       3959.359    
   2000.000      -5000.000       4064.420    
   2500.000      -200.0000       1642.000    
   2500.000      -400.0000       1734.534    
   2500.000      -600.0000       1872.365    
   2500.000      -800.0000       2037.151    
   2500.000      -1000.000       2293.877    
   2500.000      -1200.000       2634.621    
   2500.000      -1400.000       2939.968    
   2500.000      -1600.000       3124.644    
   2500.000      -1800.000       3281.985    
   2500.000      -2000.000       3409.863    
   2500.000      -2200.000       3505.401    
   2500.000      -2400.000       3594.731    
   2500.000      -2600.000       3660.783    
   2500.000      -2800.000       3722.286    
   2500.000      -3000.000       3775.278    
   2500.000      -4000.000       3956.583    
   2500.000      -5000.000       4062.727    
   3000.000      -200.0000       1643.000    
   3000.000      -400.0000       1736.485    
   3000.000      -600.0000       1869.949    
   3000.000      -800.0000       2026.378    
   3000.000      -1000.000       2283.872    
   3000.000      -1200.000       2626.130    
   3000.000      -1400.000       2932.079    
   3000.000      -1600.000       3118.334    
   3000.000      -1800.000       3276.567    
   3000.000      -2000.000       3405.365    
   3000.000      -2200.000       3500.205    
   3000.000      -2400.000       3590.452    
   3000.000      -2600.000       3657.460    
   3000.000      -2800.000       3718.195    
   3000.000      -3000.000       3772.127    
   3000.000      -4000.000       3954.624    
   3000.000      -5000.000       4060.959    
   3500.000      -200.0000       1644.000    
   3500.000      -400.0000       1738.437    
   3500.000      -600.0000       1866.632    
   3500.000      -800.0000       2008.787    
   3500.000      -1000.000       2263.118    
   3500.000      -1200.000       2606.846    
   3500.000      -1400.000       2916.314    
   3500.000      -1600.000       3104.210    
   3500.000      -1800.000       3264.157    
   3500.000      -2000.000       3393.955    
   3500.000      -2200.000       3490.655    
   3500.000      -2400.000       3581.103    
   3500.000      -2600.000       3648.284    
   3500.000      -2800.000       3710.888    
   3500.000      -3000.000       3764.101    
   3500.000      -4000.000       3948.906    
   3500.000      -5000.000       4056.510    
   4000.000      -200.0000       1640.000    
   4000.000      -400.0000       1718.220    
   4000.000      -600.0000       1895.437    
   4000.000      -800.0000       2215.673    
   4000.000      -1000.000       2552.796    
   4000.000      -1200.000       2904.512    
   4000.000      -1400.000       3136.048    
   4000.000      -1600.000       3307.669    
   4000.000      -1800.000       3445.270    
   4000.000      -2000.000       3552.873    
   4000.000      -2200.000       3642.151    
   4000.000      -2400.000       3713.449    
   4000.000      -2600.000       3773.886    
   4000.000      -2800.000       3826.401    
   4000.000      -3000.000       3871.252    
   4000.000      -4000.000       4029.244    
   4000.000      -5000.000       4122.227    
   4500.000      -200.0000       1637.000    
   4500.000      -400.0000       1717.131    
   4500.000      -600.0000       1868.621    
   4500.000      -800.0000       2079.322    
   4500.000      -1000.000       2381.056    
   4500.000      -1200.000       2722.897    
   4500.000      -1400.000       3013.437    
   4500.000      -1600.000       3186.747    
   4500.000      -1800.000       3341.141    
   4500.000      -2000.000       3459.358    
   4500.000      -2200.000       3552.069    
   4500.000      -2400.000       3635.251    
   4500.000      -2600.000       3700.048    
   4500.000      -2800.000       3758.612    
   4500.000      -3000.000       3808.645    
   4500.000      -4000.000       3982.287    
   4500.000      -5000.000       4082.851    
   5000.000      -200.0000       1631.000    
   5000.000      -400.0000       1712.081    
   5000.000      -600.0000       1837.299    
   5000.000      -800.0000       1983.259    
   5000.000      -1000.000       2342.517    
   5000.000      -1200.000       2681.322    
   5000.000      -1400.000       2957.001    
   5000.000      -1600.000       3151.100    
   5000.000      -1800.000       3314.270    
   5000.000      -2000.000       3426.309    
   5000.000      -2200.000       3527.253    
   5000.000      -2400.000       3609.553    
   5000.000      -2600.000       3678.443    
   5000.000      -2800.000       3740.203    
   5000.000      -3000.000       3788.145    
   5000.000      -4000.000       3967.283    
   5000.000      -5000.000       4074.624    
   5500.000      -200.0000       1632.000    
   5500.000      -400.0000       1710.212    
   5500.000      -600.0000       1819.349    
   5500.000      -800.0000       1944.597    
   5500.000      -1000.000       2131.077    
   5500.000      -1200.000       2416.887    
   5500.000      -1400.000       2705.287    
   5500.000      -1600.000       2944.558    
   5500.000      -1800.000       3115.278    
   5500.000      -2000.000       3264.138    
   5500.000      -2200.000       3372.231    
   5500.000      -2400.000       3467.819    
   5500.000      -2600.000       3549.656    
   5500.000      -2800.000       3616.195    
   5500.000      -3000.000       3677.651    
   5500.000      -4000.000       3883.558    
   5500.000      -5000.000       4007.729    
   6000.000      -200.0000       1642.000    
   6000.000      -400.0000       1721.180    
   6000.000      -600.0000       1811.365    
   6000.000      -800.0000       1940.274    
   6000.000      -1000.000       2077.535    
   6000.000      -1200.000       2279.816    
   6000.000      -1400.000       2532.731    
   6000.000      -1600.000       2795.648    
   6000.000      -1800.000       2985.549    
   6000.000      -2000.000       3136.235    
   6000.000      -2200.000       3264.195    
   6000.000      -2400.000       3367.374    
   6000.000      -2600.000       3458.012    
   6000.000      -2800.000       3532.157    
   6000.000      -3000.000       3595.489    
   6000.000      -4000.000       3822.645    
   6000.000      -5000.000       3959.769    
   6500.000      -200.0000       1644.000    
   6500.000      -400.0000       1723.182    
   6500.000      -600.0000       1805.129    
   6500.000      -800.0000       1957.048    
   6500.000      -1000.000       2008.989    
   6500.000      -1200.000       2096.713    
   6500.000      -1400.000       2285.112    
   6500.000      -1600.000       2548.255    
   6500.000      -1800.000       2793.760    
   6500.000      -2000.000       2950.673    
   6500.000      -2200.000       3095.268    
   6500.000      -2400.000       3217.280    
   6500.000      -2600.000       3311.966    
   6500.000      -2800.000       3403.842    
   6500.000      -3000.000       3472.433    
   6500.000      -4000.000       3730.800    
   6500.000      -5000.000       3885.769    
   7000.000      -200.0000       1644.000    
   7000.000      -400.0000       1719.350    
   7000.000      -600.0000       1783.626    
   7000.000      -800.0000       1911.806    
   7000.000      -1000.000       2017.489    
   7000.000      -1200.000       2114.972    
   7000.000      -1400.000       2239.883    
   7000.000      -1600.000       2418.213    
   7000.000      -1800.000       2641.377    
   7000.000      -2000.000       2831.382    
   7000.000      -2200.000       2985.565    
   7000.000      -2400.000       3112.412    
   7000.000      -2600.000       3222.980    
   7000.000      -2800.000       3312.974    
   7000.000      -3000.000       3392.809    
   7000.000      -4000.000       3670.398    
   7000.000      -5000.000       3837.360    
   7500.000      -200.0000       1644.000    
   7500.000      -400.0000       1721.267    
   7500.000      -600.0000       1790.235    
   7500.000      -800.0000       1954.775    
   7500.000      -1000.000       2024.302    
   7500.000      -1200.000       2117.708    
   7500.000      -1400.000       2234.831    
   7500.000      -1600.000       2399.624    
   7500.000      -1800.000       2609.438    
   7500.000      -2000.000       2800.840    
   7500.000      -2200.000       2961.419    
   7500.000      -2400.000       3088.370    
   7500.000      -2600.000       3201.440    
   7500.000      -2800.000       3291.906    
   7500.000      -3000.000       3373.079    
   7500.000      -4000.000       3655.938    
   7500.000      -5000.000       3826.284    
   8000.000      -200.0000       1642.000    
   8000.000      -400.0000       1721.180    
   8000.000      -600.0000       1815.917    
   8000.000      -800.0000       1957.498    
   8000.000      -1000.000       2039.474    
   8000.000      -1200.000       2090.406    
   8000.000      -1400.000       2141.172    
   8000.000      -1600.000       2317.822    
   8000.000      -1800.000       2541.524    
   8000.000      -2000.000       2750.450    
   8000.000      -2200.000       2906.451    
   8000.000      -2400.000       3042.669    
   8000.000      -2600.000       3155.103    
   8000.000      -2800.000       3250.156    
   8000.000      -3000.000       3336.742    
   8000.000      -4000.000       3628.482    
   8000.000      -5000.000       3800.883    
   8500.000      -200.0000       1939.000    
   8500.000      -400.0000       1706.190    
   8500.000      -600.0000       1796.465    
   8500.000      -800.0000       1936.767    
   8500.000      -1000.000       2028.492    
   8500.000      -1200.000       2079.514    
   8500.000      -1400.000       2119.323    
   8500.000      -1600.000       2261.677    
   8500.000      -1800.000       2497.316    
   8500.000      -2000.000       2714.937    
   8500.000      -2200.000       2871.223    
   8500.000      -2400.000       3009.845    
   8500.000      -2600.000       3128.531    
   8500.000      -2800.000       3223.304    
   8500.000      -3000.000       3312.619    
   8500.000      -4000.000       3610.262    
   8500.000      -5000.000       3787.390    
   9000.000      -200.0000       1618.000    
   9000.000      -400.0000       1700.023    
   9000.000      -600.0000       1790.213    
   9000.000      -800.0000       1926.572    
   9000.000      -1000.000       1999.502    
   9000.000      -1200.000       2050.047    
   9000.000      -1400.000       2101.405    
   9000.000      -1600.000       2158.121    
   9000.000      -1800.000       2384.501    
   9000.000      -2000.000       2603.665    
   9000.000      -2200.000       2781.518    
   9000.000      -2400.000       2920.821    
   9000.000      -2600.000       3052.657    
   9000.000      -2800.000       3149.874    
   9000.000      -3000.000       3241.674    
   9000.000      -4000.000       3557.976    
   9000.000      -5000.000       3747.115    
   9500.000      -200.0000       1633.000    
   9500.000      -400.0000       1692.939    
   9500.000      -600.0000       1779.155    
   9500.000      -800.0000       1935.776    
   9500.000      -1000.000       1995.218    
   9500.000      -1200.000       2032.303    
   9500.000      -1400.000       2111.692    
   9500.000      -1600.000       2195.463    
   9500.000      -1800.000       2327.907    
   9500.000      -2000.000       2531.853    
   9500.000      -2200.000       2724.662    
   9500.000      -2400.000       2867.326    
   9500.000      -2600.000       2994.204    
   9500.000      -2800.000       3105.937    
   9500.000      -3000.000       3195.879    
   9500.000      -4000.000       3523.359    
   9500.000      -5000.000       3720.606    
   10000.00      -200.0000       1640.000    
   10000.00      -400.0000       1723.002    
   10000.00      -600.0000       1799.479    
   10000.00      -800.0000       1938.896    
   10000.00      -1000.000       1992.071    
   10000.00      -1200.000       2069.265    
   10000.00      -1400.000       2133.927    
   10000.00      -1600.000       2227.139    
   10000.00      -1800.000       2344.209    
   10000.00      -2000.000       2534.276    
   10000.00      -2200.000       2720.115    
   10000.00      -2400.000       2870.859    
   10000.00      -2600.000       2993.431    
   10000.00      -2800.000       3107.273    
   10000.00      -3000.000       3196.640    
   10000.00      -4000.000       3524.593    
   10000.00      -5000.000       3720.781    
   10500.00      -200.0000       1636.000    
   10500.00      -400.0000       1706.543    
   10500.00      -600.0000       1781.888    
   10500.00      -800.0000       1944.022    
   10500.00      -1000.000       2008.126    
   10500.00      -1200.000       2076.741    
   10500.00      -1400.000       2156.106    
   10500.00      -1600.000       2232.389    
   10500.00      -1800.000       2317.673    
   10500.00      -2000.000       2470.349    
   10500.00      -2200.000       2647.420    
   10500.00      -2400.000       2815.845    
   10500.00      -2600.000       2936.985    
   10500.00      -2800.000       3051.050    
   10500.00      -3000.000       3149.957    
   10500.00      -4000.000       3488.183    
   10500.00      -5000.000       3681.360    
   11000.00      -200.0000       1636.000    
   11000.00      -400.0000       1718.042    
   11000.00      -600.0000       1814.633    
   11000.00      -800.0000       1965.363    
   11000.00      -1000.000       2026.531    
   11000.00      -1200.000       2076.370    
   11000.00      -1400.000       2138.312    
   11000.00      -1600.000       2211.288    
   11000.00      -1800.000       2309.694    
   11000.00      -2000.000       2433.549    
   11000.00      -2200.000       2594.168    
   11000.00      -2400.000       2750.530    
   11000.00      -2600.000       2892.572    
   11000.00      -2800.000       3002.774    
   11000.00      -3000.000       3105.841    
   11000.00      -4000.000       3455.416    
   11000.00      -5000.000       3665.109    
   11500.00      -200.0000       1641.000    
   11500.00      -400.0000       1735.433    
   11500.00      -600.0000       1807.489    
   11500.00      -800.0000       1970.744    
   11500.00      -1000.000       2010.201    
   11500.00      -1200.000       2095.548    
   11500.00      -1400.000       2173.479    
   11500.00      -1600.000       2247.427    
   11500.00      -1800.000       2331.976    
   11500.00      -2000.000       2456.775    
   11500.00      -2200.000       2603.357    
   11500.00      -2400.000       2755.250    
   11500.00      -2600.000       2895.927    
   11500.00      -2800.000       3007.647    
   11500.00      -3000.000       3071.257    
   11500.00      -4000.000       3456.263    
   11500.00      -5000.000       3666.227    
   12000.00      -200.0000       1652.000    
   12000.00      -400.0000       1745.498    
   12000.00      -600.0000       1825.873    
   12000.00      -800.0000       1968.101    
   12000.00      -1000.000       2059.494    
   12000.00      -1200.000       2136.096    
   12000.00      -1400.000       2217.540    
   12000.00      -1600.000       2298.294    
   12000.00      -1800.000       2363.809    
   12000.00      -2000.000       2472.733    
   12000.00      -2200.000       2605.105    
   12000.00      -2400.000       2760.822    
   12000.00      -2600.000       2902.637    
   12000.00      -2800.000       3013.725    
   12000.00      -3000.000       3113.610    
   12000.00      -4000.000       3461.845    
   12000.00      -5000.000       3671.977    
   12500.00      -200.0000       1650.000    
   12500.00      -400.0000       1738.737    
   12500.00      -600.0000       1823.618    
   12500.00      -800.0000       1945.768    
   12500.00      -1000.000       2029.454    
   12500.00      -1200.000       2117.167    
   12500.00      -1400.000       2199.227    
   12500.00      -1600.000       2298.169    
   12500.00      -1800.000       2405.987    
   12500.00      -2000.000       2512.281    
   12500.00      -2200.000       2732.239    
   12500.00      -2400.000       2936.809    
   12500.00      -2600.000       3055.747    
   12500.00      -2800.000       3160.944    
   12500.00      -3000.000       3249.780    
   12500.00      -4000.000       3564.374    
   12500.00      -5000.000       3752.031    
   13000.00      -200.0000       1653.000    
   13000.00      -400.0000       1746.499    
   13000.00      -600.0000       1805.464    
   13000.00      -800.0000       1950.462    
   13000.00      -1000.000       2026.105    
   13000.00      -1200.000       2117.377    
   13000.00      -1400.000       2215.183    
   13000.00      -1600.000       2320.298    
   13000.00      -1800.000       2435.652    
   13000.00      -2000.000       2573.114    
   13000.00      -2200.000       2819.633    
   13000.00      -2400.000       3047.036    
   13000.00      -2600.000       3154.058    
   13000.00      -2800.000       3254.404    
   13000.00      -3000.000       3336.701    
   13000.00      -4000.000       3628.910    
   13000.00      -5000.000       3797.808    
   13500.00      -200.0000       1642.000    
   13500.00      -400.0000       1708.699    
   13500.00      -600.0000       1788.606    
   13500.00      -800.0000       1898.407    
   13500.00      -1000.000       1984.873    
   13500.00      -1200.000       2083.766    
   13500.00      -1400.000       2200.237    
   13500.00      -1600.000       2338.112    
   13500.00      -1800.000       2508.327    
   13500.00      -2000.000       2684.173    
   13500.00      -2200.000       2845.494    
   13500.00      -2400.000       2990.839    
   13500.00      -2600.000       3104.651    
   13500.00      -2800.000       3206.962    
   13500.00      -3000.000       3294.530    
   13500.00      -4000.000       3596.269    
   13500.00      -5000.000       3775.570    
   14000.00      -200.0000       1631.000    
   14000.00      -400.0000       1701.539    
   14000.00      -600.0000       1790.647    
   14000.00      -800.0000       1891.209    
   14000.00      -1000.000       1988.556    
   14000.00      -1200.000       2117.998    
   14000.00      -1400.000       2279.274    
   14000.00      -1600.000       2449.948    
   14000.00      -1800.000       2610.478    
   14000.00      -2000.000       2785.421    
   14000.00      -2200.000       2945.524    
   14000.00      -2400.000       3079.728    
   14000.00      -2600.000       3185.941    
   14000.00      -2800.000       3286.998    
   14000.00      -3000.000       3363.708    
   14000.00      -4000.000       3648.805    
   14000.00      -5000.000       3819.908    
   14500.00      -200.0000       1641.000    
   14500.00      -400.0000       1726.866    
   14500.00      -600.0000       1808.006    
   14500.00      -800.0000       1917.180    
   14500.00      -1000.000       1996.832    
   14500.00      -1200.000       2108.565    
   14500.00      -1400.000       2305.828    
   14500.00      -1600.000       2535.091    
   14500.00      -1800.000       2739.066    
   14500.00      -2000.000       2923.973    
   14500.00      -2200.000       3067.485    
   14500.00      -2400.000       3188.811    
   14500.00      -2600.000       3293.248    
   14500.00      -2800.000       3376.481    
   14500.00      -3000.000       3453.272    
   14500.00      -4000.000       3715.608    
   14500.00      -5000.000       3871.366    
   15000.00      -200.0000       1629.000    
   15000.00      -400.0000       1691.834    
   15000.00      -600.0000       1774.421    
   15000.00      -800.0000       1907.041    
   15000.00      -1000.000       2046.529    
   15000.00      -1200.000       2231.344    
   15000.00      -1400.000       2458.722    
   15000.00      -1600.000       2679.029    
   15000.00      -1800.000       2875.045    
   15000.00      -2000.000       3054.151    
   15000.00      -2200.000       3178.759    
   15000.00      -2400.000       3291.182    
   15000.00      -2600.000       3386.915    
   15000.00      -2800.000       3464.097    
   15000.00      -3000.000       3537.208    
   15000.00      -4000.000       3778.531    
   15000.00      -5000.000       3922.539    
   15500.00      -200.0000       1625.000    
   15500.00      -400.0000       1692.649    
   15500.00      -600.0000       1766.087    
   15500.00      -800.0000       1895.982    
   15500.00      -1000.000       2111.254    
   15500.00      -1200.000       2349.289    
   15500.00      -1400.000       2571.251    
   15500.00      -1600.000       2799.674    
   15500.00      -1800.000       2993.100    
   15500.00      -2000.000       3148.838    
   15500.00      -2200.000       3270.945    
   15500.00      -2400.000       3379.848    
   15500.00      -2600.000       3462.866    
   15500.00      -2800.000       3537.417    
   15500.00      -3000.000       3602.912    
   15500.00      -4000.000       3828.089    
   15500.00      -5000.000       3957.262    
   16000.00      -200.0000       1617.000    
   16000.00      -400.0000       1678.861    
   16000.00      -600.0000       1777.788    
   16000.00      -800.0000       1881.120    
   16000.00      -1000.000       2077.144    
   16000.00      -1200.000       2354.796    
   16000.00      -1400.000       2649.498    
   16000.00      -1600.000       2912.074    
   16000.00      -1800.000       3073.191    
   16000.00      -2000.000       3224.417    
   16000.00      -2200.000       3340.478    
   16000.00      -2400.000       3436.108    
   16000.00      -2600.000       3523.570    
   16000.00      -2800.000       3589.965    
   16000.00      -3000.000       3652.865    
   16000.00      -4000.000       3865.394    
   16000.00      -5000.000       3991.900    
   16500.00      -200.0000       1626.000    
   16500.00      -400.0000       1689.796    
   16500.00      -600.0000       1787.872    
   16500.00      -800.0000       1886.883    
   16500.00      -1000.000       2134.109    
   16500.00      -1200.000       2392.209    
   16500.00      -1400.000       2677.035    
   16500.00      -1600.000       2930.715    
   16500.00      -1800.000       3097.687    
   16500.00      -2000.000       3243.162    
   16500.00      -2200.000       3361.009    
   16500.00      -2400.000       3452.949    
   16500.00      -2600.000       3538.351    
   16500.00      -2800.000       3605.189    
   16500.00      -3000.000       3666.056    
   16500.00      -4000.000       3875.522    
   16500.00      -5000.000       4001.210    
   17000.00      -200.0000       1618.000    
   17000.00      -400.0000       1686.605    
   17000.00      -600.0000       1765.584    
   17000.00      -800.0000       1875.294    
   17000.00      -1000.000       2180.660    
   17000.00      -1200.000       2509.026    
   17000.00      -1400.000       2809.736    
   17000.00      -1600.000       3033.954    
   17000.00      -1800.000       3190.316    
   17000.00      -2000.000       3335.393    
   17000.00      -2200.000       3434.439    
   17000.00      -2400.000       3526.167    
   17000.00      -2600.000       3602.104    
   17000.00      -2800.000       3664.905    
   17000.00      -3000.000       3724.206    
   17000.00      -4000.000       3917.861    
   17000.00      -5000.000       4034.134    
   17500.00      -200.0000       1634.000    
   17500.00      -400.0000       1708.382    
   17500.00      -600.0000       1792.070    
   17500.00      -800.0000       1903.736    
   17500.00      -1000.000       2149.388    
   17500.00      -1200.000       2451.724    
   17500.00      -1400.000       2735.091    
   17500.00      -1600.000       2987.380    
   17500.00      -1800.000       3140.557    
   17500.00      -2000.000       3282.726    
   17500.00      -2200.000       3395.279    
   17500.00      -2400.000       3485.618    
   17500.00      -2600.000       3569.382    
   17500.00      -2800.000       3631.916    
   17500.00      -3000.000       3691.839    
   17500.00      -4000.000       3894.656    
   17500.00      -5000.000       4016.269    
   18000.00      -200.0000       1633.000    
   18000.00      -400.0000       1707.381    
   18000.00      -600.0000       1791.067    
   18000.00      -800.0000       1901.873    
   18000.00      -1000.000       2150.992    
   18000.00      -1200.000       2453.623    
   18000.00      -1400.000       2738.515    
   18000.00      -1600.000       2989.031    
   18000.00      -1800.000       3142.256    
   18000.00      -2000.000       3284.463    
   18000.00      -2200.000       3397.045    
   18000.00      -2400.000       3487.407    
   18000.00      -2600.000       3571.191    
   18000.00      -2800.000       3633.740    
   18000.00      -3000.000       3692.823    
   18000.00      -4000.000       3895.646    
   18000.00      -5000.000       4016.343    
   18500.00      -200.0000       1631.000    
   18500.00      -400.0000       1700.577    
   18500.00      -600.0000       1782.349    
   18500.00      -800.0000       1892.189    
   18500.00      -1000.000       2164.041    
   18500.00      -1200.000       2474.038    
   18500.00      -1400.000       2762.266    
   18500.00      -1600.000       3004.762    
   18500.00      -1800.000       3159.206    
   18500.00      -2000.000       3300.262    
   18500.00      -2200.000       3409.890    
   18500.00      -2400.000       3500.373    
   18500.00      -2600.000       3581.784    
   18500.00      -2800.000       3644.373    
   18500.00      -3000.000       3703.489    
   18500.00      -4000.000       3902.830    
   18500.00      -5000.000       4021.659    
   19000.00      -200.0000       1630.000    
   19000.00      -400.0000       1700.538    
   19000.00      -600.0000       1782.323    
   19000.00      -800.0000       1892.169    
   19000.00      -1000.000       2164.713    
   19000.00      -1200.000       2474.135    
   19000.00      -1400.000       2763.009    
   19000.00      -1600.000       3005.548    
   19000.00      -1800.000       3159.250    
   19000.00      -2000.000       3300.302    
   19000.00      -2200.000       3409.926    
   19000.00      -2400.000       3500.406    
   19000.00      -2600.000       3581.815    
   19000.00      -2800.000       3644.401    
   19000.00      -3000.000       3703.516    
   19000.00      -4000.000       3902.850    
   19000.00      -5000.000       4022.594    
   19500.00      -200.0000       1631.000    
   19500.00      -400.0000       1700.577    
   19500.00      -600.0000       1782.349    
   19500.00      -800.0000       1892.189    
   19500.00      -1000.000       2164.041    
   19500.00      -1200.000       2473.386    
   19500.00      -1400.000       2762.208    
   19500.00      -1600.000       3004.711    
   19500.00      -1800.000       3158.391    
   19500.00      -2000.000       3300.194    
   19500.00      -2200.000       3409.828    
   19500.00      -2400.000       3500.316    
   19500.00      -2600.000       3581.732    
   19500.00      -2800.000       3644.324    
   19500.00      -3000.000       3702.587    
   19500.00      -4000.000       3902.799    
   19500.00      -5000.000       4021.634    
