   1000.000     -0.2000000       1638.000    
   1000.000     -0.4000000       1726.722    
   1000.000     -0.6000000       1876.668    
   1000.000     -0.8000000       2060.525    
   1000.000      -1.000000       2321.702    
   1000.000      -1.200000       2659.513    
   1000.000      -1.400000       2963.445    
   1000.000      -1.600000       3142.878    
   1000.000      -1.800000       3298.500    
   1000.000      -2.000000       3424.582    
   1000.000      -2.200000       3518.233    
   1000.000      -2.400000       3607.343    
   1000.000      -2.600000       3672.341    
   1000.000      -2.800000       3732.808    
   1000.000      -3.000000       3784.765    
   1000.000      -4.000000       3963.644    
   1000.000      -5.000000       4067.521    
   1500.000     -0.2000000       1639.000    
   1500.000     -0.4000000       1728.676    
   1500.000     -0.6000000       1874.299    
   1500.000     -0.8000000       2050.733    
   1500.000      -1.000000       2311.986    
   1500.000      -1.200000       2651.286    
   1500.000      -1.400000       2955.787    
   1500.000      -1.600000       3136.786    
   1500.000      -1.800000       3293.280    
   1500.000      -2.000000       3419.471    
   1500.000      -2.200000       3514.048    
   1500.000      -2.400000       3602.425    
   1500.000      -2.600000       3668.352    
   1500.000      -2.800000       3728.887    
   1500.000      -3.000000       3781.776    
   1500.000      -4.000000       3961.807    
   1500.000      -5.000000       4065.850    
   2000.000     -0.2000000       1640.000    
   2000.000     -0.4000000       1730.629    
   2000.000     -0.6000000       1871.038    
   2000.000     -0.8000000       2039.968    
   2000.000      -1.000000       2301.982    
   2000.000      -1.200000       2642.811    
   2000.000      -1.400000       2947.916    
   2000.000      -1.600000       3130.503    
   2000.000      -1.800000       3287.117    
   2000.000      -2.000000       3414.997    
   2000.000      -2.200000       3509.702    
   2000.000      -2.400000       3598.187    
   2000.000      -2.600000       3664.207    
   2000.000      -2.800000       3725.682    
   2000.000      -3.000000       3778.650    
   2000.000      -4.000000       3958.959    
   2000.000      -5.000000       4064.101    
   2500.000     -0.2000000       1641.000    
   2500.000     -0.4000000       1732.581    
   2500.000     -0.6000000       1868.633    
   2500.000     -0.8000000       2030.054    
   2500.000      -1.000000       2291.450    
   2500.000      -1.200000       2634.341    
   2500.000      -1.400000       2940.046    
   2500.000      -1.600000       3124.218    
   2500.000      -1.800000       3281.721    
   2500.000      -2.000000       3409.729    
   2500.000      -2.200000       3504.542    
   2500.000      -2.400000       3593.944    
   2500.000      -2.600000       3660.917    
   2500.000      -2.800000       3721.621    
   2500.000      -3.000000       3774.658    
   2500.000      -4.000000       3957.025    
   2500.000      -5.000000       4062.352    
   3000.000     -0.2000000       1641.000    
   3000.000     -0.4000000       1734.483    
   3000.000     -0.6000000       1866.177    
   3000.000     -0.8000000       2020.052    
   3000.000      -1.000000       2281.555    
   3000.000      -1.200000       2625.937    
   3000.000      -1.400000       2932.232    
   3000.000      -1.600000       3117.975    
   3000.000      -1.800000       3276.363    
   3000.000      -2.000000       3404.493    
   3000.000      -2.200000       3500.242    
   3000.000      -2.400000       3589.747    
   3000.000      -2.600000       3656.809    
   3000.000      -2.800000       3718.451    
   3000.000      -3.000000       3771.564    
   3000.000      -4.000000       3954.201    
   3000.000      -5.000000       4060.621    
   3500.000     -0.2000000       1642.000    
   3500.000     -0.4000000       1736.434    
   3500.000     -0.6000000       1862.853    
   3500.000     -0.8000000       2007.427    
   3500.000      -1.000000       2268.200    
   3500.000      -1.200000       2613.881    
   3500.000      -1.400000       2921.966    
   3500.000      -1.600000       3109.321    
   3500.000      -1.800000       3268.628    
   3500.000      -2.000000       3397.705    
   3500.000      -2.200000       3494.435    
   3500.000      -2.400000       3584.083    
   3500.000      -2.600000       3651.270    
   3500.000      -2.800000       3713.018    
   3500.000      -3.000000       3767.094    
   3500.000      -4.000000       3951.000    
   3500.000      -5.000000       4058.586    
   4000.000     -0.2000000       1638.000    
   4000.000     -0.4000000       1714.303    
   4000.000     -0.6000000       1896.553    
   4000.000     -0.8000000       2238.581    
   4000.000      -1.000000       2593.306    
   4000.000      -1.200000       2948.945    
   4000.000      -1.400000       3167.451    
   4000.000      -1.600000       3337.336    
   4000.000      -1.800000       3471.270    
   4000.000      -2.000000       3574.870    
   4000.000      -2.200000       3663.337    
   4000.000      -2.400000       3732.042    
   4000.000      -2.600000       3791.572    
   4000.000      -2.800000       3842.280    
   4000.000      -3.000000       3886.186    
   4000.000      -4.000000       4040.278    
   4000.000      -5.000000       4132.121    
   4500.000     -0.2000000       1636.000    
   4500.000     -0.4000000       1712.301    
   4500.000     -0.6000000       1855.885    
   4500.000     -0.8000000       2066.111    
   4500.000      -1.000000       2390.700    
   4500.000      -1.200000       2738.610    
   4500.000      -1.400000       3025.516    
   4500.000      -1.600000       3197.330    
   4500.000      -1.800000       3352.279    
   4500.000      -2.000000       3467.672    
   4500.000      -2.200000       3559.810    
   4500.000      -2.400000       3643.194    
   4500.000      -2.600000       3706.425    
   4500.000      -2.800000       3765.112    
   4500.000      -3.000000       3814.369    
   4500.000      -4.000000       3986.517    
   4500.000      -5.000000       4087.238    
   5000.000     -0.2000000       1633.000    
   5000.000     -0.4000000       1712.171    
   5000.000     -0.6000000       1832.927    
   5000.000     -0.8000000       1987.766    
   5000.000      -1.000000       2319.805    
   5000.000      -1.200000       2642.488    
   5000.000      -1.400000       2921.834    
   5000.000      -1.600000       3123.181    
   5000.000      -1.800000       3287.040    
   5000.000      -2.000000       3402.606    
   5000.000      -2.200000       3506.466    
   5000.000      -2.400000       3590.227    
   5000.000      -2.600000       3660.674    
   5000.000      -2.800000       3723.188    
   5000.000      -3.000000       3772.820    
   5000.000      -4.000000       3955.395    
   5000.000      -5.000000       4065.485    
   5500.000     -0.2000000       1635.000    
   5500.000     -0.4000000       1714.173    
   5500.000     -0.6000000       1819.742    
   5500.000     -0.8000000       1953.308    
   5500.000      -1.000000       2124.109    
   5500.000      -1.200000       2387.761    
   5500.000      -1.400000       2675.999    
   5500.000      -1.600000       2923.744    
   5500.000      -1.800000       3094.708    
   5500.000      -2.000000       3243.219    
   5500.000      -2.200000       3355.852    
   5500.000      -2.400000       3451.353    
   5500.000      -2.600000       3535.587    
   5500.000      -2.800000       3602.961    
   5500.000      -3.000000       3664.419    
   5500.000      -4.000000       3873.925    
   5500.000      -5.000000       4000.042    
   6000.000     -0.2000000       1643.000    
   6000.000     -0.4000000       1721.223    
   6000.000     -0.6000000       1812.306    
   6000.000     -0.8000000       1947.938    
   6000.000      -1.000000       2063.519    
   6000.000      -1.200000       2246.909    
   6000.000      -1.400000       2481.160    
   6000.000      -1.600000       2740.940    
   6000.000      -1.800000       2944.779    
   6000.000      -2.000000       3097.025    
   6000.000      -2.200000       3227.602    
   6000.000      -2.400000       3335.279    
   6000.000      -2.600000       3426.658    
   6000.000      -2.800000       3504.886    
   6000.000      -3.000000       3569.951    
   6000.000      -4.000000       3803.573    
   6000.000      -5.000000       3943.801    
   6500.000     -0.2000000       1647.000    
   6500.000     -0.4000000       1727.142    
   6500.000     -0.6000000       1804.503    
   6500.000     -0.8000000       1951.390    
   6500.000      -1.000000       2006.702    
   6500.000      -1.200000       2094.298    
   6500.000      -1.400000       2276.356    
   6500.000      -1.600000       2540.692    
   6500.000      -1.800000       2786.531    
   6500.000      -2.000000       2945.481    
   6500.000      -2.200000       3090.067    
   6500.000      -2.400000       3212.827    
   6500.000      -2.600000       3307.539    
   6500.000      -2.800000       3399.435    
   6500.000      -3.000000       3468.875    
   6500.000      -4.000000       3728.233    
   6500.000      -5.000000       3884.205    
   7000.000     -0.2000000       1648.000    
   7000.000     -0.4000000       1726.228    
   7000.000     -0.6000000       1784.929    
   7000.000     -0.8000000       1907.145    
   7000.000      -1.000000       2009.184    
   7000.000      -1.200000       2094.700    
   7000.000      -1.400000       2218.922    
   7000.000      -1.600000       2418.646    
   7000.000      -1.800000       2648.532    
   7000.000      -2.000000       2836.485    
   7000.000      -2.200000       2989.365    
   7000.000      -2.400000       3117.507    
   7000.000      -2.600000       3226.308    
   7000.000      -2.800000       3316.656    
   7000.000      -3.000000       3395.999    
   7000.000      -4.000000       3672.871    
   7000.000      -5.000000       3839.465    
   7500.000     -0.2000000       1647.000    
   7500.000     -0.4000000       1724.269    
   7500.000     -0.6000000       1790.446    
   7500.000     -0.8000000       1952.506    
   7500.000      -1.000000       2022.771    
   7500.000      -1.200000       2101.797    
   7500.000      -1.400000       2211.362    
   7500.000      -1.600000       2397.105    
   7500.000      -1.800000       2614.679    
   7500.000      -2.000000       2804.590    
   7500.000      -2.200000       2963.840    
   7500.000      -2.400000       3092.023    
   7500.000      -2.600000       3203.300    
   7500.000      -2.800000       3294.855    
   7500.000      -3.000000       3375.522    
   7500.000      -4.000000       3657.604    
   7500.000      -5.000000       3827.546    
   8000.000     -0.2000000       1641.000    
   8000.000     -0.4000000       1720.179    
   8000.000     -0.6000000       1814.914    
   8000.000     -0.8000000       1954.828    
   8000.000      -1.000000       2034.988    
   8000.000      -1.200000       2088.521    
   8000.000      -1.400000       2146.281    
   8000.000      -1.600000       2308.189    
   8000.000      -1.800000       2522.874    
   8000.000      -2.000000       2730.388    
   8000.000      -2.200000       2892.239    
   8000.000      -2.400000       3026.526    
   8000.000      -2.600000       3142.210    
   8000.000      -2.800000       3237.764    
   8000.000      -3.000000       3324.141    
   8000.000      -4.000000       3619.414    
   8000.000      -5.000000       3794.240    
   8500.000     -0.2000000       1639.000    
   8500.000     -0.4000000       1716.262    
   8500.000     -0.6000000       1804.583    
   8500.000     -0.8000000       1942.599    
   8500.000      -1.000000       2027.785    
   8500.000      -1.200000       2079.550    
   8500.000      -1.400000       2116.814    
   8500.000      -1.600000       2273.927    
   8500.000      -1.800000       2511.349    
   8500.000      -2.000000       2727.642    
   8500.000      -2.200000       2881.369    
   8500.000      -2.400000       3020.744    
   8500.000      -2.600000       3136.539    
   8500.000      -2.800000       3232.028    
   8500.000      -3.000000       3320.543    
   8500.000      -4.000000       3616.309    
   8500.000      -5.000000       3791.485    
   9000.000     -0.2000000       1619.000    
   9000.000     -0.4000000       1694.326    
   9000.000     -0.6000000       1788.948    
   9000.000     -0.8000000       1917.842    
   9000.000      -1.000000       1994.010    
   9000.000      -1.200000       2051.597    
   9000.000      -1.400000       2103.901    
   9000.000      -1.600000       2169.961    
   9000.000      -1.800000       2393.880    
   9000.000      -2.000000       2612.542    
   9000.000      -2.200000       2788.432    
   9000.000      -2.400000       2927.606    
   9000.000      -2.600000       3057.919    
   9000.000      -2.800000       3155.744    
   9000.000      -3.000000       3247.429    
   9000.000      -4.000000       3561.656    
   9000.000      -5.000000       3750.464    
   9500.000     -0.2000000       1634.000    
   9500.000     -0.4000000       1698.766    
   9500.000     -0.6000000       1785.053    
   9500.000     -0.8000000       1931.923    
   9500.000      -1.000000       1991.829    
   9500.000      -1.200000       2033.243    
   9500.000      -1.400000       2115.787    
   9500.000      -1.600000       2203.547    
   9500.000      -1.800000       2343.161    
   9500.000      -2.000000       2546.557    
   9500.000      -2.200000       2737.916    
   9500.000      -2.400000       2879.359    
   9500.000      -2.600000       3005.592    
   9500.000      -2.800000       3115.889    
   9500.000      -3.000000       3205.793    
   9500.000      -4.000000       3531.462    
   9500.000      -5.000000       3726.788    
   10000.00     -0.2000000       1641.000    
   10000.00     -0.4000000       1727.820    
   10000.00     -0.6000000       1816.314    
   10000.00     -0.8000000       1944.421    
   10000.00      -1.000000       1999.115    
   10000.00      -1.200000       2067.566    
   10000.00      -1.400000       2126.729    
   10000.00      -1.600000       2243.242    
   10000.00      -1.800000       2371.839    
   10000.00      -2.000000       2556.963    
   10000.00      -2.200000       2738.360    
   10000.00      -2.400000       2889.894    
   10000.00      -2.600000       3009.701    
   10000.00      -2.800000       3122.076    
   10000.00      -3.000000       3211.358    
   10000.00      -4.000000       3534.866    
   10000.00      -5.000000       3728.902    
   10500.00     -0.2000000       1636.000    
   10500.00     -0.4000000       1707.504    
   10500.00     -0.6000000       1781.939    
   10500.00     -0.8000000       1948.905    
   10500.00      -1.000000       2009.644    
   10500.00      -1.200000       2077.474    
   10500.00      -1.400000       2154.385    
   10500.00      -1.600000       2228.164    
   10500.00      -1.800000       2321.125    
   10500.00      -2.000000       2471.350    
   10500.00      -2.200000       2647.805    
   10500.00      -2.400000       2816.199    
   10500.00      -2.600000       2938.018    
   10500.00      -2.800000       3052.085    
   10500.00      -3.000000       3150.993    
   10500.00      -4.000000       3489.217    
   10500.00      -5.000000       3682.391    
   11000.00     -0.2000000       1638.000    
   11000.00     -0.4000000       1721.000    
   11000.00     -0.6000000       1809.419    
   11000.00     -0.8000000       1963.190    
   11000.00      -1.000000       2026.190    
   11000.00      -1.200000       2076.086    
   11000.00      -1.400000       2134.612    
   11000.00      -1.600000       2205.067    
   11000.00      -1.800000       2315.312    
   11000.00      -2.000000       2446.555    
   11000.00      -2.200000       2607.921    
   11000.00      -2.400000       2764.251    
   11000.00      -2.600000       2903.419    
   11000.00      -2.800000       3013.834    
   11000.00      -3.000000       3117.803    
   11000.00      -4.000000       3463.977    
   11000.00      -5.000000       3672.094    
   11500.00     -0.2000000       1640.000    
   11500.00     -0.4000000       1737.279    
   11500.00     -0.6000000       1809.389    
   11500.00     -0.8000000       1971.063    
   11500.00      -1.000000       2034.301    
   11500.00      -1.200000       2102.070    
   11500.00      -1.400000       2177.290    
   11500.00      -1.600000       2249.364    
   11500.00      -1.800000       2339.180    
   11500.00      -2.000000       2461.184    
   11500.00      -2.200000       2605.673    
   11500.00      -2.400000       2752.793    
   11500.00      -2.600000       2890.405    
   11500.00      -2.800000       3005.915    
   11500.00      -3.000000       3105.384    
   11500.00      -4.000000       3455.443    
   11500.00      -5.000000       3666.245    
   12000.00     -0.2000000       1651.000    
   12000.00     -0.4000000       1743.546    
   12000.00     -0.6000000       1824.823    
   12000.00     -0.8000000       1974.495    
   12000.00      -1.000000       2056.716    
   12000.00      -1.200000       2128.969    
   12000.00      -1.400000       2216.039    
   12000.00      -1.600000       2304.925    
   12000.00      -1.800000       2385.417    
   12000.00      -2.000000       2490.611    
   12000.00      -2.200000       2628.195    
   12000.00      -2.400000       2785.875    
   12000.00      -2.600000       2925.638    
   12000.00      -2.800000       3034.921    
   12000.00      -3.000000       3133.558    
   12000.00      -4.000000       3477.407    
   12000.00      -5.000000       3683.245    
   12500.00     -0.2000000       1650.000    
   12500.00     -0.4000000       1734.923    
   12500.00     -0.6000000       1817.897    
   12500.00     -0.8000000       1950.064    
   12500.00      -1.000000       2021.859    
   12500.00      -1.200000       2103.586    
   12500.00      -1.400000       2182.908    
   12500.00      -1.600000       2289.296    
   12500.00      -1.800000       2406.099    
   12500.00      -2.000000       2520.899    
   12500.00      -2.200000       2722.722    
   12500.00      -2.400000       2914.880    
   12500.00      -2.600000       3037.612    
   12500.00      -2.800000       3142.670    
   12500.00      -3.000000       3233.836    
   12500.00      -4.000000       3552.060    
   12500.00      -5.000000       3742.198    
   13000.00     -0.2000000       1652.000    
   13000.00     -0.4000000       1744.547    
   13000.00     -0.6000000       1799.725    
   13000.00     -0.8000000       1953.650    
   13000.00      -1.000000       2025.256    
   13000.00      -1.200000       2104.889    
   13000.00      -1.400000       2202.419    
   13000.00      -1.600000       2304.987    
   13000.00      -1.800000       2418.567    
   13000.00      -2.000000       2572.109    
   13000.00      -2.200000       2800.885    
   13000.00      -2.400000       3007.427    
   13000.00      -2.600000       3118.719    
   13000.00      -2.800000       3222.264    
   13000.00      -3.000000       3305.910    
   13000.00      -4.000000       3605.815    
   13000.00      -5.000000       3781.201    
   13500.00     -0.2000000       1638.000    
   13500.00     -0.4000000       1706.621    
   13500.00     -0.6000000       1791.142    
   13500.00     -0.8000000       1912.999    
   13500.00      -1.000000       1994.818    
   13500.00      -1.200000       2088.999    
   13500.00      -1.400000       2194.539    
   13500.00      -1.600000       2336.265    
   13500.00      -1.800000       2498.874    
   13500.00      -2.000000       2676.091    
   13500.00      -2.200000       2841.073    
   13500.00      -2.400000       2985.646    
   13500.00      -2.600000       3100.105    
   13500.00      -2.800000       3204.599    
   13500.00      -3.000000       3289.873    
   13500.00      -4.000000       3593.166    
   13500.00      -5.000000       3774.222    
   14000.00     -0.2000000       1631.000    
   14000.00     -0.4000000       1703.460    
   14000.00     -0.6000000       1794.422    
   14000.00     -0.8000000       1900.246    
   14000.00      -1.000000       1996.978    
   14000.00      -1.200000       2113.990    
   14000.00      -1.400000       2274.771    
   14000.00      -1.600000       2451.298    
   14000.00      -1.800000       2618.869    
   14000.00      -2.000000       2794.959    
   14000.00      -2.200000       2952.729    
   14000.00      -2.400000       3087.846    
   14000.00      -2.600000       3191.967    
   14000.00      -2.800000       3292.361    
   14000.00      -3.000000       3369.922    
   14000.00      -4.000000       3653.561    
   14000.00      -5.000000       3822.087    
   14500.00     -0.2000000       1639.000    
   14500.00     -0.4000000       1723.910    
   14500.00     -0.6000000       1810.536    
   14500.00     -0.8000000       1916.393    
   14500.00      -1.000000       2002.056    
   14500.00      -1.200000       2107.505    
   14500.00      -1.400000       2311.385    
   14500.00      -1.600000       2543.006    
   14500.00      -1.800000       2751.426    
   14500.00      -2.000000       2936.270    
   14500.00      -2.200000       3076.564    
   14500.00      -2.400000       3198.842    
   14500.00      -2.600000       3301.156    
   14500.00      -2.800000       3384.485    
   14500.00      -3.000000       3460.553    
   14500.00      -4.000000       3721.379    
   14500.00      -5.000000       3874.516    
   15000.00     -0.2000000       1626.000    
   15000.00     -0.4000000       1685.935    
   15000.00     -0.6000000       1769.393    
   15000.00     -0.8000000       1918.529    
   15000.00      -1.000000       2065.978    
   15000.00      -1.200000       2262.669    
   15000.00      -1.400000       2503.097    
   15000.00      -1.600000       2733.592    
   15000.00      -1.800000       2924.104    
   15000.00      -2.000000       3094.574    
   15000.00      -2.200000       3219.580    
   15000.00      -2.400000       3326.109    
   15000.00      -2.600000       3420.349    
   15000.00      -2.800000       3495.094    
   15000.00      -3.000000       3565.729    
   15000.00      -4.000000       3799.765    
   15000.00      -5.000000       3939.748    
   15500.00     -0.2000000       1622.000    
   15500.00     -0.4000000       1685.793    
   15500.00     -0.6000000       1766.546    
   15500.00     -0.8000000       1898.254    
   15500.00      -1.000000       2101.978    
   15500.00      -1.200000       2349.500    
   15500.00      -1.400000       2586.168    
   15500.00      -1.600000       2819.928    
   15500.00      -1.800000       3008.216    
   15500.00      -2.000000       3163.078    
   15500.00      -2.200000       3284.817    
   15500.00      -2.400000       3390.108    
   15500.00      -2.600000       3474.098    
   15500.00      -2.800000       3547.969    
   15500.00      -3.000000       3612.738    
   15500.00      -4.000000       3834.710    
   15500.00      -5.000000       3964.878    
   16000.00     -0.2000000       1617.000    
   16000.00     -0.4000000       1679.825    
   16000.00     -0.6000000       1776.960    
   16000.00     -0.8000000       1876.780    
   16000.00      -1.000000       2073.351    
   16000.00      -1.200000       2364.637    
   16000.00      -1.400000       2661.964    
   16000.00      -1.600000       2918.979    
   16000.00      -1.800000       3081.884    
   16000.00      -2.000000       3233.393    
   16000.00      -2.200000       3347.294    
   16000.00      -2.400000       3443.039    
   16000.00      -2.600000       3528.967    
   16000.00      -2.800000       3563.398    
   16000.00      -3.000000       3655.172    
   16000.00      -4.000000       3866.855    
   16000.00      -5.000000       3993.874    
   16500.00     -0.2000000       1625.000    
   16500.00     -0.4000000       1686.866    
   16500.00     -0.6000000       1779.472    
   16500.00     -0.8000000       1880.905    
   16500.00      -1.000000       2147.543    
   16500.00      -1.200000       2425.024    
   16500.00      -1.400000       2711.541    
   16500.00      -1.600000       2959.830    
   16500.00      -1.800000       3123.139    
   16500.00      -2.000000       3267.573    
   16500.00      -2.200000       3380.989    
   16500.00      -2.400000       3472.234    
   16500.00      -2.600000       3556.084    
   16500.00      -2.800000       3621.263    
   16500.00      -3.000000       3681.288    
   16500.00      -4.000000       3887.158    
   16500.00      -5.000000       4009.982    
   17000.00     -0.2000000       1620.000    
   17000.00     -0.4000000       1685.719    
   17000.00     -0.6000000       1765.578    
   17000.00     -0.8000000       1874.432    
   17000.00      -1.000000       2183.749    
   17000.00      -1.200000       2514.481    
   17000.00      -1.400000       2817.000    
   17000.00      -1.600000       3038.088    
   17000.00      -1.800000       3195.339    
   17000.00      -2.000000       3339.000    
   17000.00      -2.200000       3437.264    
   17000.00      -2.400000       3529.012    
   17000.00      -2.600000       3604.964    
   17000.00      -2.800000       3667.778    
   17000.00      -3.000000       3726.232    
   17000.00      -4.000000       3919.885    
   17000.00      -5.000000       4035.232    
   17500.00     -0.2000000       1634.000    
   17500.00     -0.4000000       1708.382    
   17500.00     -0.6000000       1793.902    
   17500.00     -0.8000000       1904.762    
   17500.00      -1.000000       2147.595    
   17500.00      -1.200000       2453.577    
   17500.00      -1.400000       2739.792    
   17500.00      -1.600000       2988.387    
   17500.00      -1.800000       3143.105    
   17500.00      -2.000000       3286.098    
   17500.00      -2.200000       3397.121    
   17500.00      -2.400000       3488.299    
   17500.00      -2.600000       3571.269    
   17500.00      -2.800000       3633.813    
   17500.00      -3.000000       3693.745    
   17500.00      -4.000000       3895.693    
   17500.00      -5.000000       4017.299    
   18000.00     -0.2000000       1634.000    
   18000.00     -0.4000000       1708.382    
   18000.00     -0.6000000       1793.902    
   18000.00     -0.8000000       1904.762    
   18000.00      -1.000000       2147.595    
   18000.00      -1.200000       2453.577    
   18000.00      -1.400000       2739.792    
   18000.00      -1.600000       2988.387    
   18000.00      -1.800000       3143.105    
   18000.00      -2.000000       3286.098    
   18000.00      -2.200000       3397.121    
   18000.00      -2.400000       3488.299    
   18000.00      -2.600000       3571.269    
   18000.00      -2.800000       3633.813    
   18000.00      -3.000000       3693.745    
   18000.00      -4.000000       3895.693    
   18000.00      -5.000000       4017.299    
   18500.00     -0.2000000       1631.000    
   18500.00     -0.4000000       1700.577    
   18500.00     -0.6000000       1783.267    
   18500.00     -0.8000000       1893.132    
   18500.00      -1.000000       2163.636    
   18500.00      -1.200000       2476.117    
   18500.00      -1.400000       2767.161    
   18500.00      -1.600000       3007.242    
   18500.00      -1.800000       3161.757    
   18500.00      -2.000000       3303.639    
   18500.00      -2.200000       3411.724    
   18500.00      -2.400000       3503.047    
   18500.00      -2.600000       3583.659    
   18500.00      -2.800000       3646.259    
   18500.00      -3.000000       3705.385    
   18500.00      -4.000000       3904.756    
   18500.00      -5.000000       4022.681    
   19000.00     -0.2000000       1629.000    
   19000.00     -0.4000000       1695.689    
   19000.00     -0.6000000       1776.495    
   19000.00     -0.8000000       1885.416    
   19000.00      -1.000000       2173.483    
   19000.00      -1.200000       2491.611    
   19000.00      -1.400000       2785.582    
   19000.00      -1.600000       3019.244    
   19000.00      -1.800000       3174.159    
   19000.00      -2.000000       3315.591    
   19000.00      -2.200000       3421.470    
   19000.00      -2.400000       3512.917    
   19000.00      -2.600000       3591.969    
   19000.00      -2.800000       3653.766    
   19000.00      -3.000000       3712.932    
   19000.00      -4.000000       3909.735    
   19000.00      -5.000000       4026.748    
   19500.00     -0.2000000       1629.000    
   19500.00     -0.4000000       1759.189    
   19500.00     -0.6000000       1922.294    
   19500.00     -0.8000000       2162.411    
   19500.00      -1.000000       2918.043    
   19500.00      -1.200000       3546.675    
   19500.00      -1.400000       3997.954    
   19500.00      -1.600000       4169.351    
   19500.00      -1.800000       3869.475    
   19500.00      -2.000000       4071.806    
   19500.00      -2.200000       4005.214    
   19500.00      -2.400000       4065.851    
   19500.00      -2.600000       4129.687    
   19500.00      -2.800000       4077.192    
   19500.00      -3.000000       4169.411    
   19500.00      -4.000000       4220.482    
   19500.00      -5.000000       4275.185    
