1000 200 1640
1000 400 1730
1000 600 1894
1000 800 2101
1000 1000 2403
1000 1200 2820
1000 1400 3176
1000 1600 3354
1000 1800 3505
1000 2000 3625
1000 2200 3709
1000 2400 3789
1000 2600 3844
1000 2800 3896
1000 3000 3941
1000 4000 4088
1000 5000 4170
1500 200 1640
1500 400 1732
1500 600 1891
1500 800 2089
1500 1000 2392
1500 1200 2812
1500 1400 3169
1500 1600 3349
1500 1800 3501
1500 2000 3622
1500 2200 3705
1500 2400 3786
1500 2600 3842
1500 2800 3894
1500 3000 3938
1500 4000 4086
1500 5000 4169
2000 200 1641
2000 400 1734
2000 600 1887
2000 800 2077
2000 1000 2381
2000 1200 2804
2000 1400 3162
2000 1600 3344
2000 1800 3497
2000 2000 3618
2000 2200 3702
2000 2400 3783
2000 2600 3839
2000 2800 3891
2000 3000 3936
2000 4000 4085
2000 5000 4168
2500 200 1642
2500 400 1737
2500 600 1884
2500 800 2065
2500 1000 2370
2500 1200 2796
2500 1400 3155
2500 1600 3339
2500 1800 3493
2500 2000 3614
2500 2200 3699
2500 2400 3780
2500 2600 3836
2500 2800 3889
2500 3000 3934
2500 4000 4083
2500 5000 4167
3000 200 1643
3000 400 1739
3000 600 1881
3000 800 2052
3000 1000 2359
3000 1200 2788
3000 1400 3148
3000 1600 3334
3000 1800 3489
3000 2000 3611
3000 2200 3695
3000 2400 3777
3000 2600 3834
3000 2800 3886
3000 3000 3932
3000 4000 4082
3000 5000 4166
3500 200 1644
3500 400 1741
3500 600 1877
3500 800 2031
3500 1000 2335
3500 1200 2768
3500 1400 3134
3500 1600 3322
3500 1800 3479
3500 2000 3602
3500 2200 3688
3500 2400 3770
3500 2600 3827
3500 2800 3881
3500 3000 3926
3500 4000 4078
3500 5000 4163
4000 200 1640
4000 400 1720
4000 600 1913
4000 800 2295
4000 1000 2694
4000 1200 3110
4000 1400 3349
4000 1600 3515
4000 1800 3644
4000 2000 3741
4000 2200 3820
4000 2400 3881
4000 2600 3932
4000 2800 3976
4000 3000 4013
4000 4000 4141
4000 5000 4214
4500 200 1637
4500 400 1719
4500 600 1882
4500 800 2120
4500 1000 2484
4500 1200 2901
4500 1400 3232
4500 1600 3400
4500 1800 3550
4500 2000 3659
4500 2200 3741
4500 2400 3815
4500 2600 3870
4500 2800 3920
4500 3000 3962
4500 4000 4104
4500 5000 4183
5000 200 1631
5000 400 1714
5000 600 1847
5000 800 2006
5000 1000 2465
5000 1200 2873
5000 1400 3180
5000 1600 3375
5000 1800 3535
5000 2000 3635
5000 2200 3726
5000 2400 3798
5000 2600 3857
5000 2800 3910
5000 3000 3949
5000 4000 4095
5000 5000 4180
5500 200 1632
5500 400 1712
5500 600 1827
5500 800 1962
5500 1000 2176
5500 1200 2532
5500 1400 2882
5500 1600 3152
5500 1800 3326
5500 2000 3475
5500 2200 3575
5500 2400 3663
5500 2600 3737
5500 2800 3795
5500 3000 3849
5500 4000 4022
5500 5000 4123
6000 200 1642
6000 400 1723
6000 600 1817
6000 800 1957
6000 1000 2108
6000 1200 2347
6000 1400 2658
6000 1600 2978
6000 1800 3184
6000 2000 3338
6000 2200 3465
6000 2400 3563
6000 2600 3648
6000 2800 3715
6000 3000 3771
6000 4000 3967
6000 5000 4081
6500 200 1644
6500 400 1725
6500 600 1810
6500 800 1978
6500 1000 2028
6500 1200 2121
6500 1400 2350
6500 1600 2691
6500 1800 2992
6500 2000 3156
6500 2200 3306
6500 2400 3428
6500 2600 3517
6500 2800 3605
6500 3000 3666
6500 4000 3893
6500 5000 4023
7000 200 1644
7000 400 1721
7000 600 1787
7000 800 1927
7000 1000 2040
7000 1200 2144
7000 1400 2284
7000 1600 2499
7000 1800 2780
7000 2000 3003
7000 2200 3172
7000 2400 3304
7000 2600 3416
7000 2800 3503
7000 3000 3579
7000 4000 3831
7000 5000 3975
7500 200 1644
7500 400 1723
7500 600 1794
7500 800 1978
7500 1000 2047
7500 1200 2146
7500 1400 2276
7500 1600 2472
7500 1800 2734
7500 2000 2962
7500 2200 3142
7500 2400 3275
7500 2600 3391
7500 2800 3479
7500 3000 3557
7500 4000 3816
7500 5000 3964
8000 200 1642
8000 400 1723
8000 600 1822
8000 800 1977
8000 1000 2061
8000 1200 2111
8000 1400 2162
8000 1600 2381
8000 1800 2669
8000 2000 2925
8000 2200 3097
8000 2400 3242
8000 2600 3356
8000 2800 3449
8000 3000 3533
8000 4000 3799
8000 5000 3947
8500 200 1939
8500 400 1722
8500 600 1811
8500 800 1962
8500 1000 2056
8500 1200 2105
8500 1400 2143
8500 1600 2312
8500 1800 2624
8500 2000 2895
8500 2200 3067
8500 2400 3215
8500 2600 3337
8500 2800 3429
8500 3000 3516
8500 4000 3787
8500 5000 3939
9000 200 1618
9000 400 1702
9000 600 1796
9000 800 1945
9000 1000 2019
9000 1200 2069
9000 1400 2121
9000 1600 2180
9000 1800 2486
9000 2000 2767
9000 2200 2975
9000 2400 3125
9000 2600 3266
9000 2800 3361
9000 3000 3451
9000 4000 3743
9000 5000 3907
9500 200 1633
9500 400 1694
9500 600 1784
9500 800 1958
9500 1000 2016
9500 1200 2051
9500 1400 2136
9500 1600 2227
9500 1800 2384
9500 2000 2650
9500 2200 2890
9500 2400 3049
9500 2600 3186
9500 2800 3303
9500 3000 3392
9500 4000 3702
9500 5000 3877
10000 200 1640
10000 400 1725
10000 600 1804
10000 800 1957
10000 1000 2009
10000 1200 2090
10000 1400 2157
10000 1600 2260
10000 1800 2395
10000 2000 2639
10000 2200 2870
10000 2400 3043
10000 2600 3175
10000 2800 3296
10000 3000 3385
10000 4000 3698
10000 5000 3873
10500 200 1636
10500 400 1708
10500 600 1786
10500 800 1967
10500 1000 2030
10500 1200 2100
10500 1400 2184
10500 1600 2265
10500 1800 2358
10500 2000 2546
10500 2200 2769
10500 2400 2974
10500 2600 3106
10500 2800 3229
10500 3000 3332
10500 4000 3660
10500 5000 3832
11000 200 1636
11000 400 1720
11000 600 1821
11000 800 1987
11000 1000 2047
11000 1200 2096
11000 1400 2160
11000 1600 2238
11000 1800 2349
11000 2000 2495
11000 2200 2695
11000 2400 2885
11000 2600 3051
11000 2800 3170
11000 3000 3280
11000 4000 3625
11000 5000 3817
11500 200 1641
11500 400 1738
11500 600 1812
11500 800 1994
11500 1000 2030
11500 1200 2120
11500 1400 2202
11500 1600 2280
11500 1800 2372
11500 2000 2519
11500 2200 2697
11500 2400 2881
11500 2600 3046
11500 2800 3168
11500 3000 3227
11500 4000 3623
11500 5000 3816
12000 200 1652
12000 400 1748
12000 600 1831
12000 800 1987
12000 1000 2082
12000 1200 2161
12000 1400 2247
12000 1600 2333
12000 1800 2401
12000 2000 2526
12000 2200 2684
12000 2400 2876
12000 2600 3044
12000 2800 3166
12000 3000 3273
12000 4000 3621
12000 5000 3816
12500 200 1650
12500 400 1741
12500 600 1829
12500 800 1961
12500 1000 2048
12500 1200 2141
12500 1400 2228
12500 1600 2337
12500 1800 2458
12500 2000 2577
12500 2200 2872
12500 2400 3131
12500 2600 3255
12500 2800 3362
12500 3000 3449
12500 4000 3742
12500 5000 3906
13000 200 1653
13000 400 1749
13000 600 1809
13000 800 1969
13000 1000 2046
13000 1200 2143
13000 1400 2249
13000 1600 2365
13000 1800 2495
13000 2000 2656
13000 2200 2992
13000 2400 3282
13000 2600 3385
13000 2800 3482
13000 3000 3558
13000 4000 3817
13000 5000 3957
13500 200 1642
13500 400 1710
13500 600 1793
13500 800 1911
13500 1000 2002
13500 1200 2109
13500 1400 2239
13500 1600 2398
13500 1800 2603
13500 2000 2814
13500 2200 3001
13500 2400 3164
13500 2600 3283
13500 2800 3388
13500 3000 3475
13500 4000 3758
13500 5000 3916
14000 200 1631
14000 400 1703
14000 600 1796
14000 800 1903
14000 1000 2007
14000 1200 2152
14000 1400 2340
14000 1600 2540
14000 1800 2724
14000 2000 2929
14000 2200 3111
14000 2400 3256
14000 2600 3364
14000 2800 3467
14000 3000 3540
14000 4000 3804
14000 5000 3954
14500 200 1641
14500 400 1729
14500 600 1813
14500 800 1930
14500 1000 2013
14500 1200 2136
14500 1400 2377
14500 1600 2662
14500 1800 2902
14500 2000 3112
14500 2200 3263
14500 2400 3386
14500 2600 3489
14500 2800 3567
14500 3000 3639
14500 4000 3873
14500 5000 4005
15000 200 1629
15000 400 1693
15000 600 1779
15000 800 1924
15000 1000 2078
15000 1200 2293
15000 1400 2568
15000 1600 2828
15000 1800 3050
15000 2000 3248
15000 2200 3372
15000 2400 3483
15000 2600 3575
15000 2800 3646
15000 3000 3714
15000 4000 3926
15000 5000 4047
15500 200 1625
15500 400 1694
15500 600 1770
15500 800 1912
15500 1000 2166
15500 1200 2449
15500 1400 2705
15500 1600 2970
15500 1800 3183
15500 2000 3345
15500 2200 3465
15500 2400 3571
15500 2600 3647
15500 2800 3715
15500 3000 3774
15500 4000 3969
15500 5000 4075
16000 200 1617
16000 400 1680
16000 600 1784
16000 800 1894
16000 1000 2123
16000 1200 2468
16000 1400 2830
16000 1600 3135
16000 1800 3294
16000 2000 3445
16000 2200 3554
16000 2400 3641
16000 2600 3721
16000 2800 3778
16000 3000 3833
16000 4000 4011
16000 5000 4113
16500 200 1626
16500 400 1691
16500 600 1794
16500 800 1899
16500 1000 2199
16500 1200 2508
16500 1400 2853
16500 1600 3145
16500 1800 3313
16500 2000 3457
16500 2200 3569
16500 2400 3652
16500 2600 3730
16500 2800 3788
16500 3000 3841
16500 4000 4017
16500 5000 4119
17000 200 1618
17000 400 1688
17000 600 1770
17000 800 1888
17000 1000 2273
17000 1200 2679
17000 1400 3032
17000 1600 3270
17000 1800 3420
17000 2000 3561
17000 2200 3648
17000 2400 3730
17000 2600 3796
17000 2800 3849
17000 3000 3900
17000 4000 4058
17000 5000 4150
17500 200 1634
17500 400 1710
17500 600 1797
17500 800 1917
17500 1000 2214
17500 1200 2589
17500 1400 2925
17500 1600 3211
17500 1800 3359
17500 2000 3498
17500 2200 3603
17500 2400 3684
17500 2600 3760
17500 2800 3813
17500 3000 3865
17500 4000 4034
17500 5000 4132
18000 200 1633
18000 400 1709
18000 600 1796
18000 800 1915
18000 1000 2217
18000 1200 2592
18000 1400 2930
18000 1600 3213
18000 1800 3361
18000 2000 3500
18000 2200 3605
18000 2400 3686
18000 2600 3762
18000 2800 3815
18000 3000 3866
18000 4000 4035
18000 5000 4132
18500 200 1631
18500 400 1702
18500 600 1787
18500 800 1905
18500 1000 2240
18500 1200 2623
18500 1400 2963
18500 1600 3232
18500 1800 3381
18500 2000 3518
18500 2200 3619
18500 2400 3700
18500 2600 3773
18500 2800 3826
18500 3000 3877
18500 4000 4042
18500 5000 4137
19000 200 1630
19000 400 1702
19000 600 1787
19000 800 1905
19000 1000 2241
19000 1200 2623
19000 1400 2964
19000 1600 3233
19000 1800 3381
19000 2000 3518
19000 2200 3619
19000 2400 3700
19000 2600 3773
19000 2800 3826
19000 3000 3877
19000 4000 4042
19000 5000 4138
19500 200 1631
19500 400 1702
19500 600 1787
19500 800 1905
19500 1000 2240
19500 1200 2622
19500 1400 2963
19500 1600 3232
19500 1800 3380
19500 2000 3518
19500 2200 3619
19500 2400 3700
19500 2600 3773
19500 2800 3826
19500 3000 3876
19500 4000 4042
19500 5000 4137
