115
-500.0
-300.0
-200.0
-140.0
-100.0
-80.0
-60.0
-42.0
-34.0
-30.0
-28.0
-27.0
-26.0
-25.5
-25.0
-24.5
-24.0
-23.0
-22.0
-21.0
-20.5
-20.0
-19.5
-19.0
-18.0
-17.0
-16.0
-15.5
-15.0
-14.5
-14.0
-13.0
-12.0
-11.0
-10.5
-10.0
-9.5
-9.0
-8.0
-7.0
-6.5
-6.0
-5.6
-5.4
-5.2
-5.0
-4.8
-4.5
-4.0
-3.0
-2.0
-1.0
-0.2
0.0
0.0
0.2
0.4
0.6
0.8
1.0
1.0
1.2
1.4
1.6
1.8
2.0
2.0
2.2
3.0
4.0
4.5
4.8
5.0
5.2
5.4
5.6
6.0
6.5
7.0
8.0
9.0
9.5
10.0
10.5
11.0
12.0
13.0
14.0
14.5
15.0
15.5
16.0
17.0
18.0
19.0
19.5
20.0
20.5
21.0
22.0
23.0
24.0
24.5
25.0
25.5
26.0
27.0
28.0
30.0
34.0
42.0
60.0
80.0
100.0
140.0
200.0
300.0
500
